SITE ID,datetime,t+1,t+2,t+3,t+4,t+5,t+6,t+7,t+8,t+9,t+10,t+11,t+12,t+13,t+14,t+15,t+16,t+17,t+18,t+19,t+20,t+21,t+22,t+23,t+24,t+25,t+26,t+27,t+28,t+29,t+30,t+31,t+32,t+33,t+34,t+35,t+36,t+37,t+38,t+39,t+40,t+41,t+42,t+43,t+44,t+45,t+46,t+47,t+48,t+49,t+50,t+51,t+52,t+53,t+54,t+55,t+56,t+57,t+58,t+59,t+60,t+61,t+62,t+63,t+64,t+65,t+66,t+67,t+68,t+69,t+70,t+71,t+72
EPA001,2019-06-08 08:00:00,9.653752326965332,10.08043098449707,10.7061128616333,10.9433536529541,11.33445453643799,11.62617683410645,11.66857051849365,11.74506378173828,12.49088287353516,13.22045135498047,13.6803150177002,13.95610427856445,14.14175605773926,13.76850700378418,13.19646263122559,13.0048360824585,12.2958402633667,11.60317420959473,11.04158496856689,10.81589031219482,10.34059524536133,10.45008373260498,10.47921657562256,10.818284034729,11.24563407897949,11.39399719238281,11.08831977844238,10.92442512512207,10.90580558776855,11.20260620117188,10.95293521881104,10.49872016906738,10.2053337097168,10.22146034240723,10.11375999450684,10.10156154632568,9.39583683013916,8.716432571411133,8.304628372192383,8.00208854675293,7.7331223487854,7.323506355285645,6.867967128753662,6.737234115600586,6.63477087020874,6.809791564941406,7.351015090942383,7.802652835845947,8.40557861328125,8.240500450134277,8.725160598754883,8.260380744934082,7.99462366104126,8.07145881652832,7.680150985717773,7.527546882629395,7.545044422149658,7.737192153930664,7.584920883178711,7.651580810546875,7.357430458068848,6.987564563751221,6.53620433807373,6.487816333770752,5.991645336151123,5.558000564575195,5.529249668121338,5.112356185913086,4.821796417236328,5.268096923828125,5.447722911834717,6.08045768737793
EPA002,2019-06-08 08:00:00,10.03488636016846,10.3415060043335,10.44563865661621,10.11312198638916,10.22768402099609,9.869149208068848,10.03975772857666,9.988967895507812,9.55889892578125,10.08509922027588,9.868485450744629,9.490067481994629,8.84344482421875,8.586902618408203,8.306554794311523,8.814976692199707,8.5875883102417,8.915013313293457,9.222517013549805,9.561610221862793,10.35000228881836,11.49964332580566,12.44130802154541,12.23681354522705,11.95890140533447,13.05766773223877,13.5159912109375,14.08559989929199,13.54807472229004,13.07219791412354,12.64295291900635,12.16872501373291,10.91423320770264,10.57604885101318,10.57321548461914,10.54625701904297,10.03596210479736,9.432365417480469,9.335954666137695,8.798365592956543,8.210508346557617,7.693802356719971,7.416305541992188,7.767561435699463,8.063780784606934,8.378107070922852,9.569368362426758,10.06285572052002,10.97266006469727,11.46251010894775,12.076979637146,11.33949756622314,10.69209766387939,10.05868721008301,8.653572082519531,7.312477588653564,6.464902877807617,6.782880783081055,6.350537776947021,6.849356651306152,7.258258819580078,6.678764820098877,6.614025115966797,7.056137561798096,6.538575172424316,7.404728412628174,7.710808277130127,7.85368537902832,7.545627117156982,8.643936157226562,9.170027732849121,9.883071899414062
EPA003,2019-06-08 08:00:00,9.467256546020508,9.883583068847656,9.958650588989258,9.79125690460205,9.782158851623535,9.30328369140625,8.899477005004883,8.848038673400879,9.199483871459961,9.807026863098145,10.08646965026855,9.888322830200195,9.403799057006836,8.354604721069336,7.304059028625488,6.607465744018555,5.711092472076416,4.553339004516602,3.66021990776062,3.015154123306274,2.800028800964355,2.952677965164185,2.983325481414795,3.366515636444092,4.050296783447266,5.103419780731201,6.206717967987061,7.546677589416504,8.376940727233887,9.316513061523438,9.987627983093262,10.17611503601074,9.737713813781738,9.92185115814209,9.75606632232666,9.835847854614258,9.229272842407227,8.338611602783203,7.863979339599609,7.298342704772949,7.069650650024414,6.956966400146484,6.779262065887451,6.752570152282715,6.817018032073975,7.057223796844482,7.87230110168457,9.027891159057617,10.35603904724121,11.12240219116211,11.54448890686035,10.63118743896484,9.238308906555176,7.940885066986084,6.344862937927246,5.080251216888428,4.237861156463623,3.906976222991943,3.238604068756104,3.351872682571411,3.297412872314453,2.483154535293579,2.088744401931763,2.207608938217163,1.808095574378967,1.733449459075928,1.680152297019958,1.862773537635803,1.395596981048584,2.190565347671509,3.048592567443848,4.211217880249023
EPA004,2019-06-08 08:00:00,8.104155540466309,8.850462913513184,9.654372215270996,9.717448234558105,9.599247932434082,9.359990119934082,8.621611595153809,8.035110473632812,8.01455020904541,8.171838760375977,8.350282669067383,8.380908966064453,8.491519927978516,8.000909805297852,7.520790576934814,7.625453472137451,7.276643753051758,6.805961608886719,6.502309322357178,6.34865665435791,6.297504425048828,6.633566856384277,7.038302421569824,7.793140888214111,8.898871421813965,9.469856262207031,9.662439346313477,9.944539070129395,9.965087890625,10.559157371521,10.72597408294678,10.40497398376465,10.35200595855713,10.73846435546875,10.65021800994873,10.84549140930176,10.44673919677734,10.12444305419922,9.755433082580566,9.835037231445312,9.819965362548828,9.736711502075195,9.337421417236328,9.441493034362793,9.45987319946289,9.8495454788208,10.38004684448242,11.00430202484131,11.40468692779541,11.12600898742676,11.21283912658691,10.09801864624023,9.025005340576172,8.361019134521484,7.503821849822998,7.101469039916992,6.934922695159912,6.951766967773438,6.72862434387207,6.535112857818604,6.178677558898926,5.836871147155762,5.349990367889404,5.414530754089355,4.991566181182861,4.451130390167236,4.331483840942383,4.015743255615234,3.850619792938232,4.518077373504639,4.909730911254883,5.427937984466553
EPA005,2019-06-08 08:00:00,15.95156574249268,15.75605869293213,16.00664520263672,15.39023685455322,14.69061088562012,14.28807067871094,13.65478706359863,12.98965549468994,12.57071495056152,12.35248279571533,12.44924449920654,12.2553596496582,12.02470302581787,11.50952339172363,11.17916679382324,11.60402011871338,11.27563953399658,11.2676362991333,10.81159400939941,10.8722972869873,10.88887977600098,11.58747291564941,12.13069820404053,12.18875694274902,12.59936809539795,13.08364391326904,12.69525337219238,12.02303981781006,11.47216796875,11.30285263061523,10.57994079589844,9.834019660949707,9.651611328125,9.66024398803711,9.920448303222656,10.26031303405762,10.317795753479,10.82655429840088,11.03208637237549,11.45473861694336,11.39840793609619,11.37052154541016,11.26706504821777,11.5528507232666,11.61868858337402,12.26171016693115,12.83537578582764,12.65475463867188,12.3148889541626,11.73670291900635,11.97358226776123,10.98502826690674,9.873452186584473,9.031874656677246,7.822395801544189,7.240973949432373,6.759003639221191,6.811095714569092,6.442734718322754,6.372076988220215,5.747915267944336,5.860888957977295,5.736724376678467,5.702884197235107,5.580989837646484,5.452083110809326,5.519734382629395,5.444207191467285,5.55072546005249,6.81017017364502,7.054672241210938,7.044224262237549
EPA006,2019-06-08 08:00:00,13.63836002349854,14.08281707763672,14.88769149780273,14.92880249023438,14.71239948272705,14.63855171203613,13.74704265594482,13.14045143127441,12.89578342437744,12.78924465179443,13.02793884277344,13.15812110900879,13.11681747436523,12.61222743988037,12.1610689163208,12.4450511932373,12.16673374176025,11.86609363555908,11.0337495803833,10.74564552307129,10.39127922058105,10.61603355407715,10.66400814056396,10.83858585357666,11.59851741790771,12.19530010223389,12.26151657104492,11.40295028686523,11.41709518432617,10.9948844909668,10.09808540344238,9.576346397399902,9.503172874450684,9.226974487304688,9.568968772888184,9.695664405822754,9.872963905334473,10.27401065826416,10.65204334259033,11.05916690826416,10.67693042755127,10.75007724761963,10.65984439849854,10.75292682647705,10.63469886779785,10.94277858734131,11.26151466369629,10.93451118469238,11.08640289306641,10.63204002380371,10.75085067749023,10.45844554901123,10.05349540710449,9.555898666381836,8.801580429077148,8.434615135192871,8.151578903198242,7.95856237411499,7.918496131896973,7.730942726135254,6.648723602294922,6.731688022613525,6.565605640411377,6.219894886016846,6.1828293800354,5.409635543823242,5.718857765197754,5.46064281463623,5.205924510955811,5.976702690124512,6.008633613586426,6.050761699676514
EPA007,2019-06-08 08:00:00,10.82219886779785,11.14938449859619,11.64745426177979,11.54535388946533,11.41721057891846,11.3705940246582,10.52188968658447,10.10184860229492,9.917848587036133,10.08955860137939,10.54120254516602,10.83098030090332,11.01226329803467,10.72443771362305,10.5159797668457,11.08824825286865,10.9731330871582,10.58604335784912,10.04921054840088,9.64924430847168,9.549108505249023,9.688680648803711,9.493391990661621,9.233328819274902,9.078850746154785,8.638643264770508,8.298641204833984,7.577458381652832,7.477960586547852,7.553112030029297,7.412803649902344,7.367165088653564,7.3224196434021,7.428583145141602,7.551870822906494,7.63304328918457,7.858606815338135,8.099539756774902,8.461174011230469,8.935966491699219,8.87697696685791,9.224610328674316,9.256568908691406,9.54019546508789,9.574597358703613,10.16630172729492,10.61253452301025,10.36620330810547,10.31069469451904,9.859748840332031,9.656538009643555,9.008963584899902,8.213834762573242,7.566996574401855,6.776830673217773,6.292538166046143,5.882591724395752,5.568107128143311,5.520591735839844,5.425580024719238,4.567378520965576,4.448384284973145,4.247640132904053,4.166759014129639,4.077522277832031,3.353390693664551,3.653409719467163,3.395092725753784,3.156681299209595,3.927975654602051,4.171671390533447,4.362772941589355
EPA008,2019-06-08 08:00:00,8.982443809509277,8.948712348937988,9.19670581817627,9.002106666564941,8.739030838012695,8.791074752807617,8.71924114227295,8.689990997314453,8.564922332763672,8.819665908813477,9.131492614746094,8.967674255371094,8.50493049621582,7.96713399887085,7.544839859008789,7.804828643798828,7.240389823913574,6.940571308135986,6.629470825195312,6.442432880401611,6.815837383270264,7.11867618560791,7.580367088317871,7.715916633605957,7.661635398864746,7.540291786193848,6.908275604248047,6.720595359802246,6.172962665557861,6.468973159790039,6.64457893371582,6.472002506256104,6.436578273773193,6.673512935638428,6.540244102478027,6.48542308807373,6.124710559844971,5.860044956207275,5.467178344726562,5.280150890350342,5.417805671691895,5.180636405944824,5.133923053741455,5.410501003265381,5.629622459411621,6.274017333984375,7.142646789550781,7.565433979034424,7.682242870330811,7.737509727478027,8.230293273925781,7.812642097473145,7.360557079315186,7.184379100799561,6.429831027984619,6.007972240447998,5.759589195251465,6.033325672149658,5.568347930908203,5.55224084854126,4.992161750793457,4.428339004516602,3.974627494812012,3.814134836196899,3.247103452682495,2.973631381988525,2.860064506530762,2.58698582649231,2.560423851013184,3.472055435180664,3.725805759429932,4.241865634918213
EPA009,2019-06-08 08:00:00,6.185346603393555,6.300111293792725,6.713224411010742,6.58939266204834,6.396400451660156,6.318848609924316,6.271349430084229,6.269550323486328,6.49989652633667,6.633939266204834,6.99484920501709,7.084592819213867,7.152438640594482,6.788467884063721,6.445257186889648,6.549530506134033,6.048087596893311,5.639328479766846,5.301466941833496,5.160386562347412,5.044960021972656,5.187614917755127,5.350942134857178,5.441679000854492,5.573273181915283,5.518568992614746,5.021523475646973,4.760297775268555,4.338929176330566,4.722387313842773,4.825201034545898,4.58681583404541,4.7231764793396,5.043149948120117,5.07926082611084,5.375865936279297,5.113973617553711,5.034255981445312,4.802449703216553,4.840868949890137,5.033875465393066,4.850877285003662,4.685657024383545,4.79403829574585,4.936625003814697,5.38709831237793,5.752215385437012,5.881768226623535,5.625852584838867,5.436151504516602,5.775061130523682,5.119942188262939,4.43720817565918,4.175927639007568,3.733675956726074,3.60252571105957,3.582277297973633,3.686802387237549,3.385221242904663,3.394084692001343,3.243463516235352,3.064914703369141,2.816425561904907,2.89862322807312,2.559912919998169,2.43075156211853,2.303825378417969,2.208427429199219,2.355830192565918,3.157761335372925,3.317059516906738,3.404873609542847
EPA010,2019-06-08 08:00:00,3.311033964157104,3.655416011810303,4.540648460388184,4.83638858795166,5.035551071166992,5.338348388671875,5.613156318664551,5.876797676086426,6.41708517074585,7.060752868652344,7.821568965911865,8.130069732666016,8.3966064453125,8.333708763122559,8.107178688049316,8.603975296020508,8.107077598571777,7.949503421783447,7.696778297424316,7.499285221099854,7.639848709106445,7.945939540863037,8.18071174621582,8.133199691772461,8.13560676574707,8.41876220703125,7.886953353881836,7.639749526977539,7.090793132781982,7.17517614364624,6.99990177154541,6.726996421813965,6.904555320739746,7.283635139465332,7.622526168823242,8.079751014709473,8.097236633300781,8.145716667175293,7.945563793182373,8.037018775939941,8.132854461669922,7.799666881561279,7.529072284698486,7.643265724182129,7.801200389862061,8.344624519348145,8.813922882080078,8.836499214172363,8.65422248840332,8.456778526306152,9.02912712097168,8.411328315734863,7.727275848388672,7.328948497772217,6.547675609588623,6.134752750396729,6.115390777587891,6.573816776275635,6.537119388580322,6.831723213195801,6.906744003295898,6.732985019683838,6.454606056213379,6.730686187744141,6.059019088745117,6.018424510955811,5.813388347625732,5.560943126678467,5.479967594146729,6.404398918151855,6.334848403930664,6.39713716506958
EPA011,2019-06-08 08:00:00,8.082931518554688,8.801685333251953,9.398760795593262,9.660704612731934,9.732330322265625,9.232619285583496,8.675317764282227,8.087569236755371,7.717750072479248,7.791011333465576,7.631121158599854,7.448178291320801,7.206860542297363,6.730433464050293,6.238434791564941,6.316874980926514,5.871721744537354,5.411629199981689,5.223119258880615,5.130203247070312,5.15210485458374,5.323204517364502,5.315520286560059,5.298770904541016,5.734193325042725,6.47862434387207,7.203860759735107,8.0438871383667,8.22128677368164,8.573663711547852,8.684616088867188,8.41775131225586,7.847528457641602,7.842056751251221,7.703115463256836,7.835410594940186,7.248040199279785,6.594871044158936,6.329693794250488,5.990384101867676,5.642898082733154,5.240396976470947,4.919857025146484,4.870918273925781,4.978236198425293,4.90968656539917,5.419839859008789,5.857666492462158,6.731636047363281,7.270395755767822,7.997365951538086,7.881753444671631,7.703204154968262,7.6073317527771,6.973945140838623,6.358257293701172,6.039506912231445,6.016072750091553,5.642430305480957,5.719962120056152,5.610138893127441,4.877969741821289,4.473611831665039,4.409692287445068,3.759452819824219,3.556800842285156,3.477434158325195,3.184650659561157,2.652023792266846,2.884188413619995,2.963390111923218,3.42449164390564
EPA012,2019-06-08 08:00:00,13.04364204406738,13.06382369995117,13.40631484985352,13.30489444732666,13.09721851348877,13.13494491577148,12.70492649078369,12.41423511505127,12.10506916046143,12.34245491027832,12.65347576141357,12.39720726013184,11.82034683227539,11.1939172744751,10.73830127716064,11.18742752075195,10.75344181060791,10.5714864730835,9.960492134094238,9.6326322555542,10.01532363891602,10.44120121002197,10.9132661819458,11.02468395233154,11.19881343841553,11.60192203521729,11.4462833404541,11.35264873504639,11.43038082122803,11.61020374298096,11.58453178405762,11.5126256942749,11.5671272277832,11.5482177734375,11.64470672607422,11.47176933288574,11.32714366912842,11.16258907318115,10.93997097015381,10.80436420440674,10.41668891906738,10.15690135955811,10.00165748596191,10.18509864807129,10.18585872650146,10.65126705169678,11.29322719573975,11.32271671295166,11.49569797515869,11.27681064605713,11.66700267791748,11.55367469787598,11.33978652954102,11.06096839904785,10.13818836212158,9.523857116699219,9.159265518188477,9.257505416870117,8.9224853515625,8.779561042785645,7.798759460449219,7.316542148590088,6.930334091186523,6.692330360412598,6.222011089324951,5.720658302307129,5.857265472412109,5.598033905029297,5.297449111938477,6.269782066345215,6.489669799804688,7.063681125640869
EPA013,2019-06-08 08:00:00,11.98755836486816,12.90802192687988,14.1464786529541,14.71024417877197,14.89729976654053,15.0955171585083,14.54916286468506,14.02182006835938,13.67316913604736,13.73503494262695,13.55881404876709,13.11146640777588,12.32397365570068,11.34127330780029,10.52082633972168,10.44428825378418,9.84115219116211,9.368099212646484,8.764839172363281,8.489913940429688,8.645682334899902,9.018560409545898,9.599715232849121,10.39014720916748,11.57117652893066,12.5764102935791,12.89607429504395,13.10399436950684,13.13083171844482,13.2800760269165,12.98478031158447,12.46759605407715,11.98755645751953,11.87576103210449,11.55616664886475,11.28806209564209,10.65126991271973,10.140549659729,9.782937049865723,9.493631362915039,9.310925483703613,9.080727577209473,8.899432182312012,9.140612602233887,9.214425086975098,9.696525573730469,10.80820655822754,11.72225284576416,12.90965270996094,13.30764198303223,14.09774875640869,13.86371040344238,13.46110343933105,13.10638618469238,11.98755359649658,11.29307460784912,10.89127540588379,11.03948593139648,10.50044631958008,10.24214744567871,9.230780601501465,8.517521858215332,7.880024909973145,7.395066261291504,6.798507213592529,6.153687000274658,6.148754119873047,5.692862510681152,5.3022141456604,6.065956592559814,6.409403324127197,7.342297077178955
EPA014,2019-06-08 08:00:00,13.83829307556152,13.99751281738281,14.70847034454346,14.890700340271,14.71778202056885,14.74080371856689,14.04613780975342,13.55705547332764,13.35556221008301,13.39417743682861,13.78319644927979,13.67398166656494,13.44171905517578,12.90169048309326,12.54275703430176,13.01515197753906,12.61226463317871,12.29495239257812,11.50898838043213,11.05892658233643,11.06120491027832,11.11264705657959,11.19246768951416,11.10025119781494,11.16996383666992,11.12104988098145,10.59952163696289,10.20888805389404,10.33094024658203,10.68125057220459,10.59950160980225,10.45005702972412,10.79506778717041,10.89772891998291,11.03980922698975,11.04825305938721,10.9426965713501,10.93758583068848,10.82773208618164,10.90916347503662,10.64291763305664,10.39244556427002,10.15365123748779,10.19847106933594,10.10623836517334,10.49172401428223,10.77107810974121,10.42206573486328,10.19986629486084,9.760540008544922,10.29755973815918,10.52588176727295,10.55124950408936,10.65331935882568,10.18948268890381,10.04275894165039,10.0480842590332,10.13050842285156,9.929929733276367,9.773402214050293,8.729704856872559,8.453079223632812,8.116419792175293,7.84922456741333,7.388486862182617,6.646769046783447,6.719504356384277,6.275843620300293,6.007266521453857,6.722588539123535,6.69190502166748,6.987273693084717
EPA015,2019-06-08 08:00:00,14.07556533813477,14.50724792480469,14.97217273712158,14.85019302368164,14.54416847229004,14.47731018066406,13.58320903778076,13.17998218536377,12.72686576843262,12.67770767211914,12.73594284057617,12.30242347717285,11.50060081481934,10.4657096862793,9.709341049194336,9.658899307250977,9.182806015014648,8.707135200500488,7.887041568756104,7.426199436187744,7.675049304962158,7.894692420959473,8.530315399169922,9.087606430053711,9.660006523132324,9.960877418518066,9.772689819335938,9.616951942443848,9.81239128112793,10.05211639404297,10.09031772613525,10.07308673858643,10.13102626800537,10.10883522033691,10.01313209533691,9.692994117736816,9.339536666870117,9.023160934448242,8.784757614135742,8.596510887145996,8.27755355834961,8.171570777893066,8.061585426330566,8.248311996459961,8.286001205444336,8.827095985412598,9.608623504638672,9.999114990234375,10.4387149810791,10.31463623046875,10.47687816619873,10.2864294052124,10.0405330657959,9.810153007507324,9.186551094055176,8.945226669311523,8.870168685913086,9.036087036132812,8.860210418701172,8.801339149475098,7.81212329864502,7.606647491455078,7.34483528137207,7.179831504821777,6.979989051818848,6.418342590332031,6.759793281555176,6.547201633453369,6.490547180175781,7.424297332763672,8.01191520690918,8.91601276397705
EPA017,2019-06-08 08:00:00,11.31620693206787,11.68555641174316,12.08667945861816,11.77454280853271,11.46528911590576,11.06854248046875,10.53557586669922,9.866185188293457,9.470083236694336,9.30411148071289,8.926336288452148,8.65557861328125,8.418389320373535,7.943893432617188,7.501682281494141,7.634316921234131,7.378573894500732,7.308088302612305,7.235228538513184,7.524448394775391,7.582265853881836,8.304640769958496,9.00317668914795,9.5228853225708,10.4676342010498,11.47709178924561,11.84605598449707,11.88405895233154,11.70227432250977,11.62782382965088,11.10605812072754,10.43538093566895,9.824442863464355,9.65890884399414,9.611988067626953,9.693109512329102,9.19102954864502,8.98509693145752,8.898706436157227,8.907983779907227,8.565178871154785,8.320444107055664,8.007640838623047,8.183208465576172,8.297148704528809,8.574654579162598,9.260883331298828,9.715275764465332,10.35440826416016,10.25083255767822,10.56849384307861,9.792949676513672,9.266427040100098,8.945225715637207,8.30018424987793,7.935078144073486,7.746112823486328,7.884495258331299,7.67788028717041,7.572056770324707,7.269387245178223,7.129968643188477,6.841104507446289,6.829633712768555,6.555203914642334,6.471823215484619,6.591096878051758,6.432785034179688,6.36587381362915,7.099620819091797,7.418903350830078,7.759671688079834
EPA018,2019-06-08 08:00:00,11.4222526550293,10.76351261138916,10.33298206329346,9.442008018493652,8.758113861083984,8.553862571716309,8.462944030761719,8.448193550109863,8.390655517578125,8.527007102966309,8.92813491821289,8.887948989868164,8.69082260131836,8.401583671569824,8.160118103027344,8.591733932495117,8.23215389251709,8.309783935546875,7.921241760253906,7.963865280151367,8.200485229492188,8.803424835205078,9.459174156188965,9.491507530212402,9.478461265563965,9.784153938293457,9.263969421386719,8.613729476928711,8.3248291015625,8.154300689697266,7.813126564025879,7.616851329803467,7.840046882629395,7.747778415679932,8.161222457885742,8.248098373413086,8.261064529418945,8.444604873657227,8.340335845947266,8.369902610778809,7.945996284484863,7.602751731872559,7.420088768005371,7.504106521606445,7.53581428527832,7.929722785949707,8.185755729675293,7.759256362915039,7.225656032562256,6.514113903045654,6.533548831939697,6.085167407989502,5.933935642242432,5.810086250305176,5.463207721710205,5.369758605957031,5.375218391418457,5.63939905166626,5.650322437286377,5.710388660430908,5.265657424926758,5.467159271240234,5.438180923461914,5.558833122253418,5.437256336212158,5.425426006317139,5.668264865875244,5.731078147888184,5.934731960296631,7.055866241455078,7.219729423522949,7.258125305175781
EPA019,2019-06-08 08:00:00,10.8995475769043,10.50643539428711,10.31912803649902,9.578015327453613,8.990391731262207,8.54965877532959,8.331698417663574,8.041500091552734,7.956657409667969,8.292001724243164,8.67363166809082,8.733325958251953,8.786648750305176,8.709916114807129,8.582534790039062,9.185090065002441,8.867420196533203,8.93685245513916,8.864296913146973,9.001956939697266,9.301056861877441,10.02944755554199,10.58659172058105,10.54034805297852,10.54368305206299,10.94866466522217,10.65041542053223,10.47268390655518,9.978818893432617,9.96542739868164,9.664634704589844,9.230741500854492,8.998001098632812,9.091285705566406,9.351487159729004,9.647910118103027,9.514232635498047,9.520256996154785,9.347482681274414,9.381192207336426,9.169927597045898,8.843481063842773,8.568350791931152,8.726682662963867,8.850747108459473,9.318770408630371,9.861254692077637,9.82146167755127,9.724151611328125,9.365522384643555,9.68212890625,8.85284423828125,8.16382122039795,7.680697441101074,6.788589954376221,6.229348659515381,5.91921329498291,6.200388431549072,6.064750194549561,6.255549430847168,6.179740905761719,6.071136951446533,5.869826316833496,6.124945640563965,5.69197416305542,5.780429363250732,5.772768020629883,5.663897037506104,5.607804775238037,6.606973171234131,6.778615951538086,6.945466041564941
EPA020,2019-06-08 08:00:00,9.988197326660156,10.76849174499512,11.47054862976074,11.5799617767334,11.53328514099121,11.25130271911621,10.58827018737793,10.1165599822998,9.709112167358398,9.775626182556152,9.720574378967285,9.431588172912598,8.961393356323242,8.292348861694336,7.641505718231201,7.719058036804199,7.270649433135986,7.041805744171143,6.632498264312744,6.51864767074585,6.738215923309326,7.183683395385742,7.709278583526611,8.005666732788086,8.763400077819824,9.936275482177734,10.45435333251953,10.77960777282715,10.85927963256836,10.64849472045898,10.18789768218994,9.820443153381348,9.435741424560547,9.283642768859863,9.48128604888916,9.60283374786377,9.34296703338623,9.092094421386719,9.016584396362305,8.856056213378906,8.302971839904785,7.932777881622314,7.63615608215332,7.642050266265869,7.738743305206299,7.911109924316406,8.530421257019043,8.795939445495605,9.491503715515137,9.626909255981445,10.06443119049072,9.727227210998535,9.472935676574707,9.12523365020752,8.36737060546875,7.870007038116455,7.75276517868042,8.120555877685547,8.184185028076172,8.518220901489258,8.354118347167969,8.264581680297852,8.128725051879883,8.28884220123291,7.876340389251709,7.809519290924072,8.020723342895508,7.832605361938477,7.56145715713501,8.275189399719238,8.512007713317871,9.02264404296875
EPA021,2019-06-08 08:00:00,9.853251457214355,10.66975116729736,11.64099502563477,12.10266017913818,12.36167621612549,12.11225509643555,11.85980224609375,11.39052486419678,11.14457035064697,11.13404750823975,10.73299217224121,10.26897430419922,9.76848316192627,9.085025787353516,8.436158180236816,8.327969551086426,7.731217384338379,7.372964859008789,7.136671543121338,7.167421817779541,7.166884899139404,7.529852390289307,7.819794178009033,7.842907428741455,8.329967498779297,9.366429328918457,9.842544555664062,10.51529693603516,10.47125244140625,10.6078405380249,10.25222301483154,9.628376007080078,8.842618942260742,8.711609840393066,8.541404724121094,8.715583801269531,7.95741081237793,7.364748001098633,7.165069580078125,6.79172945022583,6.490738868713379,5.945410251617432,5.598355770111084,5.618634223937988,5.806457042694092,5.927666187286377,6.691673278808594,7.245316505432129,8.212827682495117,8.848413467407227,10.0000171661377,9.91547679901123,9.722295761108398,9.701776504516602,9.005270957946777,8.4749755859375,8.30629825592041,8.635557174682617,8.252925872802734,8.527083396911621,8.616378784179688,8.150346755981445,7.864535331726074,7.916568279266357,7.254397392272949,7.458414554595947,7.399971008300781,7.146254539489746,6.829037189483643,7.339563369750977,7.473594665527344,7.987685680389404
EPA022,2019-06-08 08:00:00,8.780234336853027,8.081639289855957,7.826234817504883,7.197676658630371,6.720721244812012,6.527589797973633,6.729282379150391,6.767024517059326,7.025100231170654,7.283541202545166,7.716131687164307,7.808319568634033,7.948010444641113,7.955904960632324,7.868083953857422,8.435558319091797,8.106098175048828,8.212924003601074,7.97592306137085,8.062202453613281,8.1692533493042,8.661050796508789,9.02972412109375,8.714554786682129,8.415284156799316,8.725099563598633,8.296468734741211,7.979948043823242,7.785489559173584,7.917680263519287,7.769039154052734,7.606926441192627,7.900317192077637,8.005478858947754,8.497148513793945,8.839025497436523,8.832798957824707,9.001216888427734,8.898252487182617,8.995657920837402,8.662439346313477,8.178160667419434,7.874405860900879,7.897002220153809,7.957191944122314,8.205241203308105,8.332335472106934,7.915019035339355,7.417041778564453,6.87614107131958,7.305357933044434,7.1127610206604,7.044362545013428,7.141488552093506,6.897399425506592,6.792021751403809,6.896331787109375,7.159520149230957,7.046523571014404,7.048295497894287,6.856620788574219,6.748904705047607,6.565357208251953,6.662213325500488,6.200889110565186,6.245707035064697,6.184804916381836,6.12733268737793,6.13015604019165,6.976958274841309,6.865842819213867,6.668110370635986
EPA023,2019-06-08 08:00:00,6.514988422393799,6.234701156616211,6.53172779083252,6.509795188903809,6.59662914276123,6.531790256500244,7.183399677276611,7.378640651702881,7.817296504974365,7.840569496154785,7.792068958282471,7.505970478057861,7.450969219207764,7.178709030151367,6.903755187988281,7.060015201568604,6.537511348724365,6.443331718444824,6.261854648590088,6.398991584777832,6.26502513885498,6.601455688476562,6.723150253295898,6.00398588180542,5.392306804656982,5.747908592224121,5.441266536712646,5.693974494934082,5.598719596862793,6.136589050292969,6.195315361022949,5.966904640197754,6.029078483581543,6.236660957336426,6.490888595581055,7.031119346618652,6.671050071716309,6.618442058563232,6.574900150299072,6.542497158050537,6.413149833679199,5.786980152130127,5.443950176239014,5.436098575592041,5.639365673065186,5.807425975799561,5.919803619384766,5.669788837432861,5.229320526123047,5.168610572814941,6.188914775848389,6.156402587890625,5.991137504577637,6.268627643585205,6.16484546661377,6.126208305358887,6.353636264801025,6.65931510925293,6.248389720916748,6.409432411193848,6.82320499420166,6.642688274383545,6.573117733001709,6.866527080535889,6.306348323822021,6.957016468048096,6.742192268371582,6.8387131690979,6.976689338684082,7.75935173034668,7.655416488647461,7.373411655426025
EPA024,2019-06-08 08:00:00,3.524950265884399,3.407423734664917,3.418580055236816,2.995381355285645,2.639997720718384,2.221167802810669,2.512376546859741,2.635155200958252,3.01131010055542,3.244642734527588,3.536062479019165,3.745594501495361,4.011027336120605,3.971205711364746,3.701015472412109,3.737765550613403,3.190320014953613,2.971124649047852,2.954337358474731,3.14834189414978,3.01771879196167,3.300998449325562,3.544993877410889,3.51579761505127,3.644550085067749,4.13050365447998,3.974850416183472,3.990191698074341,3.379085540771484,3.422801971435547,3.236251831054688,2.78945517539978,2.660752773284912,2.849461555480957,3.114000082015991,3.681617736816406,3.341467380523682,3.208943843841553,2.940664768218994,2.82647180557251,2.850342273712158,2.338645458221436,2.052641868591309,1.994290113449097,2.223293781280518,2.352589845657349,2.654175281524658,2.837728023529053,2.817549705505371,2.918935775756836,3.519667625427246,2.942605018615723,2.526032447814941,2.472458839416504,2.228460550308228,2.121596574783325,2.228857755661011,2.583687305450439,2.413594961166382,2.717369318008423,3.242407560348511,3.098388195037842,2.932832956314087,3.195591688156128,2.696171522140503,3.040377378463745,2.780444860458374,2.774001121520996,2.886933326721191,3.470609188079834,3.424229383468628,3.264353513717651
EPA025,2019-06-08 08:00:00,5.178225040435791,5.116875648498535,5.393231391906738,5.372263431549072,5.315484523773193,5.035295486450195,5.386346340179443,5.51433801651001,5.981206893920898,6.217877864837646,6.411085605621338,6.363676071166992,6.382921695709229,6.136924266815186,5.702578067779541,5.698078155517578,5.072651386260986,4.798557281494141,4.452852725982666,4.416515827178955,4.244845867156982,4.425095081329346,4.503602981567383,4.14778995513916,4.107586860656738,4.994304656982422,5.221108436584473,5.724058151245117,5.793910026550293,6.114749908447266,6.077115058898926,5.875422954559326,5.927613258361816,6.077968597412109,6.49211311340332,7.064993858337402,6.77665901184082,6.613840579986572,6.438191890716553,6.267549991607666,5.996996879577637,5.324777126312256,4.960574626922607,4.801924705505371,4.954658031463623,4.916483402252197,5.101637840270996,5.161960601806641,5.323286533355713,5.594286441802979,6.616250514984131,6.69570255279541,6.613964557647705,6.722511768341064,6.428201198577881,6.191541194915771,6.34324836730957,6.668534278869629,6.393029689788818,6.634857654571533,7.001717567443848,6.636839866638184,6.435170650482178,6.589046955108643,5.88611888885498,6.222617626190186,5.936234474182129,5.915221214294434,5.743925094604492,6.268321990966797,6.113181114196777,6.016176700592041
EPA026,2019-06-08 08:00:00,11.91360092163086,12.08955764770508,12.82056331634521,12.81839084625244,12.48134326934814,12.01087474822998,11.78132152557373,11.23730182647705,11.36896896362305,11.3909740447998,11.36157321929932,11.13040542602539,11.03905391693115,10.60602188110352,10.0921688079834,10.07103061676025,9.40975284576416,9.178143501281738,8.809403419494629,8.907659530639648,8.710165977478027,9.141286849975586,9.644754409790039,9.936141014099121,10.73936748504639,11.92205238342285,11.95502471923828,12.26240921020508,11.98046493530273,12.19627952575684,11.61620712280273,10.69917774200439,10.37387371063232,10.4697208404541,10.61150932312012,11.13615989685059,10.50403118133545,10.28776836395264,9.926886558532715,9.771835327148438,9.662511825561523,8.974169731140137,8.46938705444336,8.410612106323242,8.508063316345215,8.731590270996094,9.325082778930664,9.780656814575195,10.29241561889648,10.51465797424316,11.84840297698975,11.60970306396484,11.17977333068848,11.10254192352295,10.35327911376953,10.0389404296875,10.08809471130371,10.60741901397705,10.21080589294434,10.36851406097412,10.43828392028809,10.15632343292236,9.780824661254883,9.798975944519043,9.027342796325684,9.137552261352539,8.758359909057617,8.434901237487793,8.2800874710083,8.942229270935059,8.915949821472168,9.142255783081055
EPA027,2019-06-08 08:00:00,5.855628490447998,6.786722183227539,8.181272506713867,9.245104789733887,10.0083589553833,10.31954765319824,10.3795747756958,10.21874809265137,10.28569984436035,10.4040994644165,10.32709503173828,9.883858680725098,9.578475952148438,9.015745162963867,8.594364166259766,8.842083930969238,8.341022491455078,8.051406860351562,7.771670818328857,7.576182842254639,7.706977367401123,7.807918071746826,7.94471549987793,7.792332172393799,7.851308822631836,8.284276962280273,8.261449813842773,9.020590782165527,9.411506652832031,10.2358283996582,10.632887840271,10.57767772674561,10.67550754547119,10.88737964630127,10.74504470825195,10.81301784515381,10.11414909362793,9.377360343933105,8.896832466125488,8.482276916503906,8.094048500061035,7.348752021789551,6.755882263183594,6.626070499420166,6.645952701568604,6.686348438262939,6.796944618225098,6.716142177581787,6.723965167999268,6.712797164916992,7.755836009979248,8.140426635742188,8.523307800292969,9.149214744567871,9.178145408630371,9.212193489074707,9.604607582092285,9.986926078796387,9.791711807250977,9.885852813720703,9.858809471130371,9.43830680847168,9.141033172607422,9.359002113342285,8.57627010345459,8.580438613891602,8.514795303344727,8.175625801086426,7.946195125579834,8.413421630859375,8.306314468383789,8.678311347961426
EPA028,2019-06-08 08:00:00,12.36357021331787,12.3173942565918,12.7227897644043,12.58402061462402,12.19094467163086,11.75703048706055,11.3591833114624,10.87320041656494,10.85438823699951,10.7001485824585,10.71821022033691,10.3042106628418,10.10414600372314,9.549419403076172,9.1253662109375,9.258708953857422,8.743773460388184,8.522635459899902,8.039918899536133,7.955874443054199,7.933289051055908,8.188003540039062,8.636484146118164,8.633171081542969,8.849675178527832,9.34603214263916,9.028247833251953,9.378999710083008,9.558155059814453,10.29646587371826,10.41516208648682,10.12584972381592,10.44032573699951,10.73147296905518,10.90664482116699,11.27164363861084,10.77331447601318,10.55091094970703,10.16833400726318,10.05357933044434,9.779742240905762,9.118729591369629,8.579169273376465,8.456637382507324,8.476454734802246,8.672581672668457,8.800233840942383,8.702461242675781,8.404768943786621,8.07968807220459,8.965323448181152,8.985443115234375,8.916496276855469,9.212627410888672,9.065500259399414,9.217591285705566,9.632278442382812,10.08025455474854,9.871126174926758,9.96200942993164,9.89063549041748,9.819520950317383,9.627776145935059,9.84592342376709,9.267165184020996,9.327363967895508,9.168599128723145,8.964570999145508,9.01071834564209,9.723440170288086,9.789631843566895,9.982059478759766
EPA029,2019-06-08 08:00:00,8.597216606140137,8.262195587158203,8.121965408325195,7.537337779998779,6.900448322296143,6.543251037597656,6.288832187652588,6.279669761657715,6.529528141021729,6.817741870880127,7.407596588134766,7.654475212097168,7.725673198699951,7.519243240356445,7.110822200775146,7.269390106201172,6.763443946838379,6.520600318908691,5.911383628845215,5.703351497650146,5.626428127288818,5.788877487182617,6.059128761291504,6.088498115539551,6.304451942443848,6.900743961334229,6.761745452880859,6.406460762023926,6.2900071144104,6.120676040649414,5.753615379333496,5.591250896453857,5.890983104705811,5.926435947418213,6.535709857940674,6.906187534332275,6.994279861450195,7.178874969482422,7.112483501434326,7.16864013671875,6.837891578674316,6.456922054290771,6.267323017120361,6.184375286102295,6.248028755187988,6.4271240234375,6.725933074951172,6.655682563781738,6.739106178283691,6.590261459350586,6.991218566894531,6.937080860137939,6.884085178375244,6.805423259735107,6.46338415145874,6.341602802276611,6.484077930450439,6.810239315032959,6.881322860717773,7.071657657623291,6.787315368652344,6.712069511413574,6.524444580078125,6.481324195861816,6.047716617584229,5.789322376251221,5.759071350097656,5.613976001739502,5.479650974273682,6.130834579467773,6.090172290802002,6.113539695739746
EPA030,2019-06-08 08:00:00,8.009288787841797,8.085031509399414,8.660172462463379,8.642714500427246,8.34518814086914,7.974350452423096,8.112305641174316,8.040156364440918,8.321208000183105,8.689003944396973,9.14193058013916,9.176673889160156,9.119853019714355,8.865647315979004,8.400423049926758,8.495741844177246,7.673244953155518,7.468903064727783,7.111937522888184,7.093276500701904,7.071028232574463,7.387728691101074,7.709996223449707,7.619894027709961,7.912288188934326,8.936332702636719,8.764230728149414,8.909000396728516,8.19318962097168,7.99837064743042,7.328386306762695,6.519757270812988,6.285520076751709,6.429182529449463,6.848510265350342,7.555819511413574,7.281506538391113,7.257315158843994,6.961978435516357,6.764126777648926,6.758777141571045,6.025185108184814,5.694177150726318,5.603297233581543,5.804055213928223,6.045167922973633,6.65837287902832,6.897456169128418,7.164120197296143,7.580649852752686,8.911748886108398,8.680999755859375,8.21435832977295,7.956656932830811,6.989117622375488,6.434779644012451,6.332643032073975,7.021870613098145,6.72738790512085,7.285411357879639,7.67381763458252,7.389119625091553,7.140235424041748,7.288626194000244,6.414123058319092,6.734215259552002,6.291336059570312,6.040798187255859,5.859320163726807,6.613804340362549,6.396829605102539,6.42925500869751
EPA031,2019-06-08 08:00:00,7.950205326080322,8.569295883178711,9.534708023071289,9.951067924499512,10.13748168945312,10.11641216278076,10.05243968963623,9.813961029052734,9.67435073852539,9.985916137695312,10.07084941864014,9.610095024108887,9.071402549743652,8.499319076538086,7.9520583152771,8.297913551330566,7.735414028167725,7.722510814666748,7.490159511566162,7.409846305847168,7.961958885192871,8.566115379333496,9.289397239685059,9.411128044128418,9.84529972076416,11.11800956726074,11.37580108642578,12.18817329406738,12.16388034820557,12.42788124084473,12.36526489257812,12.05491638183594,11.94092559814453,12.1632137298584,12.38857555389404,12.67541694641113,12.34420204162598,12.01568412780762,11.6235818862915,11.35072898864746,10.97663021087646,10.28485488891602,9.818280220031738,9.872264862060547,10.03427219390869,10.33329772949219,11.02516078948975,11.38513088226318,11.79280185699463,11.95971870422363,12.94216823577881,12.67642593383789,12.29584407806396,12.01834011077881,10.98196125030518,10.28819751739502,10.1906213760376,10.84968852996826,10.60845375061035,10.91631507873535,10.9900016784668,10.51546669006348,10.17084503173828,10.42338371276855,9.503336906433105,9.708648681640625,9.512414932250977,9.240291595458984,8.925386428833008,9.831001281738281,9.910011291503906,10.40105819702148
EPA032,2019-06-08 08:00:00,8.51715087890625,8.64184284210205,8.90270709991455,8.524114608764648,8.101926803588867,7.787610054016113,7.512617111206055,7.306781768798828,7.325509071350098,7.5430006980896,7.74958610534668,7.588078022003174,7.421175479888916,7.035403251647949,6.622364521026611,6.819338321685791,6.399483203887939,6.314435958862305,6.122908115386963,6.141004085540771,6.469316959381104,7.00289249420166,7.862514495849609,8.340460777282715,8.841591835021973,9.5188570022583,9.289348602294922,9.461150169372559,9.194258689880371,9.460283279418945,9.447284698486328,9.158763885498047,9.212621688842773,9.484664916992188,9.663434982299805,9.900130271911621,9.509700775146484,9.2526273727417,8.811991691589355,8.663105010986328,8.479291915893555,7.996986389160156,7.579564571380615,7.666024684906006,7.821337223052979,8.238533973693848,8.851614952087402,9.278712272644043,9.443469047546387,9.246790885925293,9.688619613647461,9.063643455505371,8.580708503723145,8.399650573730469,7.870876789093018,7.699707508087158,7.87367057800293,8.44326114654541,8.383729934692383,8.583233833312988,8.628392219543457,8.501337051391602,8.241645812988281,8.543181419372559,7.998033046722412,8.07277774810791,8.003522872924805,7.83851432800293,7.906327724456787,8.791789054870605,9.11682415008545,9.570022583007812
EPA033,2019-06-08 08:00:00,6.319219589233398,6.947470188140869,7.937235832214355,8.359698295593262,8.661664962768555,8.778175354003906,8.621477127075195,8.586334228515625,8.773211479187012,9.354890823364258,9.929338455200195,10.03044414520264,10.1046142578125,9.95055866241455,9.646502494812012,10.2748498916626,9.888143539428711,9.878324508666992,9.533860206604004,9.292071342468262,9.584461212158203,9.991458892822266,10.2457160949707,9.915019035339355,9.856029510498047,10.63731575012207,10.59551811218262,10.69413471221924,10.60721683502197,10.44298458099365,10.0087776184082,9.803333282470703,9.82475471496582,9.974119186401367,10.55071830749512,11.01914119720459,11.18625831604004,11.25556373596191,11.30952262878418,11.40160751342773,10.96485328674316,10.51144218444824,10.12621307373047,10.11974906921387,10.22233486175537,10.54852771759033,10.93403244018555,10.66185665130615,10.72698974609375,10.55822563171387,11.18686580657959,10.93869972229004,10.6213846206665,10.28731155395508,9.483826637268066,8.958992004394531,9.001197814941406,9.605259895324707,9.909603118896484,10.50613689422607,10.68524169921875,10.70697116851807,10.63637065887451,11.1121244430542,10.42018699645996,10.50809574127197,10.56380367279053,10.28469276428223,9.943084716796875,10.7864465713501,10.6816520690918,10.83367824554443
EPA034,2019-06-08 08:00:00,5.315366744995117,5.387893199920654,5.708030700683594,5.351022720336914,5.071999549865723,4.996577739715576,4.806944847106934,4.862614154815674,5.348001956939697,5.849464416503906,6.58289098739624,7.140862941741943,7.757726192474365,7.913681983947754,7.786196708679199,8.280374526977539,8.043227195739746,7.980680465698242,7.716082096099854,7.655172348022461,7.580692291259766,7.945406913757324,8.242440223693848,8.32235336303711,8.516119003295898,8.840738296508789,8.419614791870117,7.70207405090332,7.288060188293457,6.991801738739014,6.436003684997559,6.141355991363525,6.316123485565186,6.471868515014648,7.063731670379639,7.551040649414062,7.758667469024658,8.061254501342773,8.147993087768555,8.497126579284668,8.312295913696289,8.136346817016602,7.8500075340271,7.890824317932129,7.976781368255615,8.394790649414062,8.654939651489258,8.444843292236328,8.284462928771973,7.719178199768066,7.765128612518311,7.041055679321289,6.534656047821045,6.200656414031982,5.859896183013916,5.815096378326416,6.048956394195557,6.446623802185059,6.885449409484863,7.2182297706604,7.279130935668945,7.617786884307861,7.553730964660645,7.92780876159668,7.628779888153076,7.479723453521729,7.580443382263184,7.408381462097168,7.429214954376221,8.222538948059082,8.233382225036621,8.134434700012207
EPA035,2019-06-08 08:00:00,13.72622966766357,14.15928936004639,14.79524230957031,14.85541915893555,14.98755550384521,15.01975631713867,14.32674312591553,14.10627365112305,14.25292491912842,14.90352916717529,15.55555057525635,15.64987850189209,15.67070960998535,15.27876758575439,14.91634178161621,15.39612770080566,15.01955032348633,14.67150402069092,13.99849891662598,13.50605583190918,13.59989738464355,13.9162654876709,14.08024978637695,13.82300186157227,13.50800895690918,13.43655490875244,12.90565872192383,12.61928749084473,12.72296619415283,12.83041286468506,12.53200912475586,12.40427684783936,12.26094532012939,12.31789588928223,12.53136348724365,12.61695194244385,12.52502250671387,12.30490398406982,12.32715129852295,12.33080291748047,11.89012622833252,11.71787643432617,11.37597179412842,11.43139743804932,11.39655113220215,11.97836208343506,12.50546550750732,12.24595546722412,12.33718395233154,11.89266967773438,12.16623878479004,11.72835063934326,11.21857166290283,10.79544544219971,9.972101211547852,9.529036521911621,9.440601348876953,9.791834831237793,10.10709190368652,10.6756067276001,10.4430456161499,10.64785003662109,10.65966796875,11.17219352722168,10.85335254669189,10.67420196533203,11.08286952972412,10.79864692687988,10.5412654876709,11.51217079162598,11.88265895843506,12.57860660552979
EPA036,2019-06-08 08:00:00,3.627455234527588,4.178425788879395,4.501840591430664,4.712512016296387,4.950591564178467,4.636461734771729,4.471396446228027,4.449339866638184,4.348091125488281,4.633761882781982,4.757660388946533,4.715920448303223,4.607514381408691,4.386639595031738,4.006728649139404,4.27382755279541,3.899131298065186,3.670389175415039,3.505424976348877,3.359325170516968,3.559932708740234,3.631133317947388,3.5249342918396,2.865716934204102,2.457919359207153,3.060256242752075,3.60116720199585,4.316995620727539,4.616975784301758,4.671212196350098,4.79417896270752,4.994165420532227,4.855646133422852,4.856091976165771,5.251720905303955,5.56988000869751,5.449722290039062,5.078811168670654,5.098525047302246,4.859130382537842,4.198139190673828,3.636884450912476,3.321405649185181,3.126785755157471,3.300364017486572,3.07358193397522,3.211808681488037,3.00956916809082,3.366109371185303,3.697454214096069,4.237725257873535,4.540618896484375,4.941939830780029,5.227278232574463,5.187820911407471,4.925471305847168,5.094907760620117,5.419984340667725,5.624849319458008,6.187142848968506,6.599453926086426,6.292648792266846,6.266464233398438,6.629195213317871,6.000785350799561,6.215643405914307,6.338900089263916,6.217988014221191,5.786831378936768,6.016617774963379,5.885542869567871,5.98894739151001
EPA037,2019-06-08 08:00:00,13.6367654800415,14.27742195129395,15.13635730743408,15.21289920806885,14.76825904846191,13.76049900054932,12.93146133422852,12.22872161865234,12.04456806182861,12.17472267150879,12.32827472686768,12.28762722015381,12.17205715179443,11.9032154083252,11.39264392852783,11.48532867431641,10.98814105987549,10.89804458618164,10.34691524505615,10.2199764251709,10.11191749572754,10.3093090057373,10.73223400115967,10.71317195892334,11.29723930358887,12.84293556213379,13.25160217285156,13.69672393798828,13.38846397399902,12.938796043396,11.99585628509521,11.10105991363525,10.67633056640625,10.61014556884766,11.2234992980957,11.94601154327393,11.63760185241699,11.51224040985107,11.44417667388916,11.20022296905518,10.71191787719727,9.863703727722168,9.288850784301758,9.08191204071045,9.132139205932617,8.95036506652832,9.580756187438965,9.866436004638672,10.72894668579102,11.35189437866211,12.83751773834229,13.21420860290527,13.08355808258057,12.99712085723877,12.03939533233643,11.39038372039795,11.33254814147949,11.94552135467529,11.70290946960449,12.31266021728516,12.60597133636475,12.15148448944092,12.0062837600708,12.08365726470947,11.18429851531982,11.36011791229248,11.14321327209473,10.76554107666016,10.1735725402832,10.5336799621582,10.41032981872559,10.67722797393799
EPA038,2019-06-08 08:00:00,6.234338760375977,6.032591342926025,5.868200302124023,5.204680919647217,4.629651069641113,4.304151058197021,3.996765613555908,4.053735733032227,4.154594421386719,4.624505996704102,5.496910095214844,5.905350208282471,6.247661590576172,6.341097831726074,6.274962425231934,6.923001766204834,6.615317344665527,6.622274398803711,6.430609226226807,6.3280029296875,6.636754035949707,6.948153972625732,7.308297157287598,7.112731456756592,6.78895378112793,6.68145751953125,5.931998252868652,5.355389595031738,4.753761291503906,4.522547721862793,4.302767753601074,4.22217321395874,4.57587718963623,4.83685302734375,5.438804626464844,5.877822875976562,6.125461101531982,6.338223457336426,6.240272998809814,6.386208057403564,6.168131828308105,5.840584278106689,5.58892822265625,5.566879272460938,5.693672180175781,6.08667516708374,6.255975723266602,5.758113861083984,5.105605602264404,4.481559276580811,4.426331520080566,3.825823783874512,3.538494110107422,3.37143874168396,3.114448070526123,3.10719108581543,3.34910774230957,3.913774490356445,4.384396553039551,4.975990772247314,5.168665885925293,5.510641574859619,5.571483135223389,6.116419315338135,5.773670673370361,5.786003589630127,5.910881042480469,5.773025512695312,5.878692626953125,6.731776237487793,6.732888698577881,6.675442218780518
EPA039,2019-06-08 08:00:00,13.58876419067383,12.90422344207764,12.43083381652832,11.13172912597656,9.974872589111328,9.023491859436035,8.679169654846191,8.13037395477295,8.27651596069336,8.662968635559082,8.97265338897705,9.122590065002441,9.437651634216309,9.467900276184082,9.296209335327148,9.576224327087402,9.111197471618652,9.09560775756836,9.184185981750488,9.594109535217285,9.683233261108398,10.62568664550781,11.5764045715332,12.15775871276855,12.80917930603027,13.5449800491333,13.14393043518066,13.00801944732666,12.08834743499756,12.10647869110107,11.47880172729492,10.43378067016602,9.770703315734863,9.9199800491333,9.99339485168457,10.47820949554443,9.84595012664795,9.631048202514648,9.108259201049805,8.999533653259277,9.085047721862793,8.631204605102539,8.193134307861328,8.354087829589844,8.54982852935791,9.17823314666748,10.11631965637207,10.81642627716064,11.28224754333496,11.18284225463867,11.87637233734131,10.53885173797607,9.382674217224121,8.733774185180664,7.63299036026001,7.108699798583984,6.843338012695312,7.392223834991455,7.16850471496582,7.466961860656738,7.790452003479004,7.75723934173584,7.414966106414795,7.768294334411621,7.225828647613525,7.50339412689209,7.225803852081299,7.040646553039551,7.139495372772217,8.13892650604248,8.526732444763184,8.947677612304688
EPA040,2019-06-08 08:00:00,4.256899833679199,4.250828266143799,4.196071624755859,3.680706977844238,3.234724521636963,2.720183372497559,2.612082958221436,2.583619594573975,2.798830986022949,3.330106258392334,3.916731119155884,4.267620086669922,4.582924365997314,4.660538196563721,4.424513339996338,4.785486221313477,4.367510318756104,4.282854080200195,4.226489543914795,4.279476642608643,4.464512348175049,4.906152248382568,5.287834644317627,5.358290672302246,5.647224426269531,6.478808403015137,6.645808696746826,6.821721076965332,6.433968067169189,6.275077819824219,6.03113842010498,5.755327224731445,5.678963661193848,5.859386444091797,6.38116455078125,6.923895359039307,6.89934778213501,6.834227561950684,6.596046447753906,6.538410186767578,6.265321731567383,5.797355651855469,5.456132888793945,5.386487483978271,5.55134391784668,5.689627170562744,6.060970306396484,6.196250438690186,6.403660774230957,6.386780738830566,6.723391056060791,6.041614055633545,5.552352428436279,5.149462223052979,4.512083053588867,4.062830448150635,4.014195919036865,4.450360298156738,4.59058952331543,5.033861637115479,5.446240425109863,5.305959224700928,5.119431018829346,5.490949153900146,4.896415233612061,5.019917011260986,4.878715515136719,4.767725944519043,4.580375194549561,5.214257717132568,5.20472240447998,5.249438762664795
EPA041,2019-06-08 08:00:00,9.06382942199707,8.617010116577148,8.362924575805664,7.754358291625977,7.395111560821533,7.350307941436768,7.045519351959229,7.278748989105225,7.449421882629395,8.228645324707031,9.35986042022705,9.724926948547363,9.933897972106934,9.98874282836914,9.984597206115723,10.97195434570312,10.73502349853516,10.72733879089355,10.28961944580078,9.83389949798584,10.34858798980713,10.66103172302246,10.78327083587646,9.930283546447754,8.652795791625977,8.010183334350586,6.999223232269287,6.37175464630127,6.100021839141846,6.078001022338867,6.126438140869141,6.493851184844971,6.945141315460205,7.26038932800293,7.925155639648438,8.224689483642578,8.77364730834961,9.09501838684082,9.262845039367676,9.531009674072266,9.241655349731445,9.130731582641602,9.037109375,9.183221817016602,9.317524909973145,10.01510047912598,10.32885837554932,9.555517196655273,8.803357124328613,8.116583824157715,8.038839340209961,7.646583557128906,7.246558666229248,6.857575416564941,6.231414318084717,5.861583232879639,5.845879554748535,6.293838024139404,6.762874126434326,7.434811115264893,7.343072891235352,7.581179618835449,7.693524837493896,8.304523468017578,7.932196617126465,7.898933887481689,8.208821296691895,8.08118724822998,7.989206790924072,9.105892181396484,9.240347862243652,9.397984504699707
EPA042,2019-06-08 08:00:00,4.184259414672852,4.156838893890381,4.279827117919922,3.886711120605469,3.43931770324707,2.694011211395264,2.805967330932617,2.666012525558472,2.831389904022217,2.894227504730225,3.046737194061279,3.104239940643311,3.405148506164551,3.431278228759766,3.215491056442261,3.406574010848999,2.900842189788818,2.857474088668823,2.992862462997437,3.293897867202759,3.270665407180786,3.589460134506226,3.812253475189209,3.345547676086426,3.180922031402588,3.80657172203064,3.671737909317017,4.033082962036133,3.319192409515381,3.393102645874023,3.146677732467651,2.589667797088623,2.465333938598633,2.851657867431641,3.342153072357178,4.308269023895264,4.112096309661865,4.207573890686035,4.116899967193604,4.187447071075439,4.223198413848877,3.568071842193604,3.179591655731201,3.069797992706299,3.398118495941162,3.457483053207397,3.700949907302856,3.722702026367188,3.503902912139893,3.669071435928345,4.555468559265137,4.014293193817139,3.486708641052246,3.439522981643677,3.107887029647827,2.970489025115967,3.201785326004028,3.833362102508545,3.736958980560303,4.355607509613037,5.371671676635742,5.307843685150146,5.263956546783447,5.794471263885498,5.071175098419189,5.76858377456665,5.339983463287354,5.271551609039307,5.341076850891113,5.863639354705811,5.66289758682251,5.257087230682373
EPA043,2019-06-08 08:00:00,11.59557628631592,11.12889289855957,10.68634128570557,9.840977668762207,9.171878814697266,8.16282844543457,7.657223701477051,7.060132503509521,7.328310489654541,7.739500999450684,8.021360397338867,8.58710765838623,9.520421981811523,10.10026168823242,10.25306224822998,10.76733016967773,10.60932636260986,10.56371784210205,10.66291427612305,11.01397037506104,10.62329483032227,11.00546360015869,11.0081262588501,10.71306800842285,10.63152694702148,10.95948505401611,10.91508483886719,10.73781108856201,10.53907680511475,10.36885452270508,9.629178047180176,8.910782814025879,8.232697486877441,7.960970878601074,8.23961353302002,8.676536560058594,8.082643508911133,7.645069599151611,7.488046169281006,7.331267833709717,6.727713584899902,6.066287994384766,5.435127735137939,5.161526203155518,5.146936893463135,4.976144313812256,5.073561668395996,4.820305347442627,5.329848289489746,5.21734619140625,5.98671817779541,6.020100593566895,6.465816497802734,7.065838813781738,7.341483592987061,7.48212718963623,7.800663471221924,8.121566772460938,8.505778312683105,8.951604843139648,9.378866195678711,9.478126525878906,9.359966278076172,9.710487365722656,9.202851295471191,9.24459171295166,9.316694259643555,8.954057693481445,8.605695724487305,8.627130508422852,8.414732933044434,8.420111656188965
EPA044,2019-06-08 08:00:00,8.589956283569336,7.96104621887207,7.421260833740234,6.308674335479736,5.390715599060059,4.630804061889648,4.844000816345215,4.672734260559082,4.610063552856445,4.599124908447266,4.549855709075928,4.564478397369385,4.56200647354126,4.610160350799561,4.36282205581665,4.571215152740479,4.163532257080078,4.518336296081543,4.661546230316162,5.323439121246338,5.421780586242676,6.288003444671631,7.146117210388184,7.244350910186768,7.730151653289795,9.13206672668457,9.283790588378906,9.020564079284668,8.181119918823242,7.398324489593506,6.340476989746094,5.434712409973145,4.991689205169678,4.736019611358643,5.363663673400879,5.955687522888184,5.78502893447876,6.055907249450684,6.036694049835205,6.04245662689209,5.623028755187988,4.928245544433594,4.625034332275391,4.613846302032471,4.846678733825684,4.850961685180664,5.336719512939453,5.413434982299805,5.592185974121094,5.545536041259766,6.151511192321777,5.592652320861816,5.428274154663086,5.370863914489746,4.952767848968506,4.70957612991333,4.716039180755615,5.295365810394287,5.203166961669922,5.497098922729492,5.891977310180664,5.935044765472412,5.852504730224609,5.965553760528564,5.525613307952881,6.091639995574951,5.95057201385498,6.003958702087402,6.106733798980713,6.862571716308594,6.730997562408447,6.362752914428711
EPA045,2019-06-08 08:00:00,12.42530918121338,12.14732933044434,11.2045783996582,9.983633041381836,9.452789306640625,9.10722541809082,8.229982376098633,8.017093658447266,7.381784439086914,7.714555740356445,7.828911781311035,7.747424602508545,7.388813495635986,7.061606407165527,6.832799911499023,7.489023685455322,7.616422653198242,7.62192964553833,7.501312255859375,7.40159273147583,8.122239112854004,8.868839263916016,9.46405029296875,9.187450408935547,8.481136322021484,8.176252365112305,8.121381759643555,7.753211975097656,7.976833820343018,7.776536464691162,7.883633613586426,8.399547576904297,7.997640609741211,7.755256652832031,7.900082111358643,7.473016262054443,7.595458030700684,7.44900369644165,7.777162551879883,7.886994361877441,7.127044200897217,7.388388156890869,7.454348564147949,7.843984127044678,8.047747611999512,8.659733772277832,9.435839653015137,9.341618537902832,9.716737747192383,9.217893600463867,8.327204704284668,7.565859317779541,7.301769733428955,6.852927207946777,6.434089660644531,6.003304004669189,5.727835178375244,5.752586841583252,6.253580093383789,6.560404777526855,6.058959007263184,6.246105670928955,6.351473808288574,6.780951023101807,6.945370197296143,6.821768760681152,7.739259243011475,7.822200775146484,7.740138530731201,8.726431846618652,9.551011085510254,10.31357955932617
EPA046,2019-06-08 08:00:00,10.0556058883667,9.995329856872559,9.316529273986816,8.177356719970703,7.626015663146973,7.409894466400146,6.589389324188232,6.593739032745361,6.172256946563721,6.989583492279053,7.615117073059082,7.845937252044678,7.597540855407715,7.410916328430176,7.122124671936035,7.865550994873047,7.82951831817627,7.846708297729492,7.717987537384033,7.486947059631348,8.42538070678711,9.2360200881958,10.00244522094727,9.961539268493652,9.458160400390625,9.399003982543945,9.183273315429688,8.640217781066895,8.31503677368164,7.651187896728516,7.393638610839844,7.709699630737305,7.225718975067139,7.118446350097656,7.468406200408936,7.233436107635498,7.603841304779053,7.6206955909729,7.888087749481201,8.031301498413086,7.513103008270264,7.80368709564209,7.950408935546875,8.423625946044922,8.74411392211914,9.642569541931152,10.87818050384521,11.15283489227295,11.86896514892578,11.63892936706543,10.87046337127686,9.749776840209961,9.024017333984375,8.054304122924805,6.970341682434082,6.136448860168457,5.680141448974609,6.091300010681152,6.759428977966309,7.445657253265381,7.15027904510498,7.318191528320312,7.337103843688965,7.863699913024902,7.765759944915771,7.619613647460938,8.36558723449707,8.282526016235352,8.084916114807129,9.253480911254883,10.05968952178955,10.9848108291626
EPA047,2019-06-08 08:00:00,5.520298957824707,5.731561183929443,6.040400505065918,5.982309818267822,5.892284393310547,5.349765777587891,5.419341564178467,5.160039901733398,5.022531032562256,4.959815979003906,4.812824726104736,4.530345916748047,4.462635040283203,4.238462924957275,3.975631237030029,4.231052875518799,3.799225330352783,3.776748895645142,3.903266191482544,4.171623706817627,4.317451000213623,4.711169719696045,4.963707447052002,4.503658771514893,4.359883785247803,5.040969848632812,5.197792530059814,5.911519050598145,5.678845882415771,6.018879890441895,6.078063011169434,5.738073825836182,5.55842399597168,5.787283897399902,6.022765636444092,6.617020606994629,6.217943668365479,5.974925994873047,5.781082630157471,5.630364894866943,5.360340118408203,4.650597095489502,4.191117286682129,4.077187061309814,4.298449039459229,4.232683658599854,4.359779357910156,4.246951580047607,4.049867630004883,4.124602794647217,4.934518337249756,4.649703025817871,4.466342449188232,4.625816345214844,4.405247211456299,4.223425388336182,4.372618198394775,4.797627449035645,4.58817195892334,4.974807262420654,5.662920951843262,5.440210342407227,5.36726713180542,5.81956958770752,5.1600661277771,5.764710903167725,5.542901992797852,5.504188537597656,5.470139980316162,5.99193000793457,5.868347644805908,5.692217350006104
EPA048,2019-06-08 08:00:00,11.15775394439697,10.65448951721191,9.695899963378906,8.600994110107422,8.383516311645508,8.075980186462402,7.661779403686523,7.747609615325928,7.773568153381348,8.247499465942383,8.557912826538086,9.04944896697998,9.35457706451416,9.497099876403809,9.40088939666748,10.00614261627197,10.18500137329102,10.21710205078125,9.761958122253418,9.707601547241211,9.539088249206543,10.18242454528809,10.00064659118652,9.114727973937988,8.396441459655762,8.874128341674805,9.615467071533203,8.779552459716797,9.468783378601074,8.480984687805176,7.598467826843262,7.891609191894531,7.318782806396484,6.419737815856934,7.193307399749756,7.116106986999512,7.696717739105225,8.026992797851562,9.032453536987305,9.379514694213867,8.065144538879395,8.288121223449707,8.345163345336914,8.406023979187012,8.351977348327637,8.344494819641113,8.377994537353516,7.376913547515869,7.758598804473877,7.199711322784424,6.41760778427124,6.162886142730713,6.31119441986084,5.830599784851074,5.61521053314209,5.078302383422852,4.665741920471191,4.17609977722168,4.880647659301758,5.177262783050537,4.780218601226807,5.328151702880859,5.763449192047119,6.06767463684082,6.571042537689209,6.563456535339355,7.703696727752686,8.106461524963379,7.747257709503174,8.49949836730957,8.787287712097168,8.7234525680542
EPA049,2019-06-08 08:00:00,6.638115882873535,6.876326560974121,6.503909111022949,5.963056087493896,6.159562587738037,5.838783264160156,5.809393882751465,6.043015003204346,6.005775451660156,6.881895542144775,7.032531261444092,7.012833118438721,6.764366149902344,6.636922836303711,6.303242206573486,6.740350246429443,6.595320224761963,6.640233039855957,6.702400207519531,6.721151351928711,7.353969573974609,8.27697467803955,8.811041831970215,8.396347045898438,7.891918182373047,8.919337272644043,9.821340560913086,10.49597454071045,10.82353115081787,10.42362689971924,10.26023006439209,10.49546813964844,9.537435531616211,9.14426040649414,9.458120346069336,9.409093856811523,9.273015022277832,8.680532455444336,8.815803527832031,8.408326148986816,7.414172649383545,7.12720251083374,6.894304752349854,7.046416282653809,7.280437469482422,7.465607166290283,8.26320743560791,8.465310096740723,9.54137897491455,9.85727310180664,9.841104507446289,9.180797576904297,8.805257797241211,8.110252380371094,7.173106670379639,6.072506427764893,5.537172794342041,5.752196788787842,6.085791110992432,6.848194122314453,7.425158500671387,7.30872106552124,7.471816062927246,8.26126480102539,8.000670433044434,8.705683708190918,9.375283241271973,9.666690826416016,9.24364948272705,10.15522480010986,10.77995109558105,11.55122852325439
EPA050,2019-06-08 08:00:00,11.34156513214111,10.86254692077637,9.938396453857422,8.640510559082031,7.7768235206604,6.867844581604004,6.615654945373535,6.571528911590576,6.406669616699219,6.82324743270874,7.181567668914795,7.123679161071777,6.779776573181152,6.35511589050293,5.891355037689209,5.867089748382568,5.288770198822021,5.085982799530029,4.829471111297607,4.916173934936523,5.2017822265625,5.994184017181396,6.753471851348877,7.03441333770752,7.358555793762207,8.32021713256836,8.643863677978516,8.86338996887207,8.568866729736328,8.278702735900879,7.974520683288574,7.639032363891602,7.04584264755249,6.773493766784668,6.987504482269287,7.12086296081543,6.749701976776123,6.31265115737915,5.923334121704102,5.376217365264893,4.847657680511475,4.418468475341797,4.199090957641602,4.177309036254883,4.283792972564697,4.513462543487549,5.071513175964355,5.247345924377441,5.534877300262451,5.564939498901367,5.603402137756348,4.531250476837158,3.749233722686768,2.879690647125244,1.835927963256836,1.029792547225952,0.4487674236297607,0.6237860918045044,0.5254120230674744,1.084882736206055,1.44575834274292,1.562339186668396,1.70122504234314,2.249269723892212,2.221872329711914,2.79912805557251,3.124441623687744,3.533095836639404,3.631378173828125,4.798941612243652,5.415380477905273,5.977098941802979
EPA051,2019-06-08 08:00:00,16.24829292297363,16.16985130310059,15.7712984085083,14.75761890411377,14.22643280029297,13.90714836120605,12.74828433990479,12.45240306854248,12.49595260620117,13.47108554840088,14.37887763977051,15.01694393157959,15.55021381378174,15.88022708892822,16.06570816040039,17.04034423828125,17.30488967895508,17.40761947631836,17.21270179748535,16.99871253967285,17.41815757751465,17.95557403564453,18.76742744445801,19.14634895324707,18.69998359680176,17.74211120605469,16.51976203918457,15.41567039489746,15.13596630096436,14.94907665252686,14.75956535339355,14.77663040161133,14.64934062957764,14.59829998016357,14.71777820587158,14.26468372344971,13.95942497253418,13.3726921081543,13.10188579559326,12.96017551422119,12.2414608001709,12.09481906890869,11.52950763702393,11.69529724121094,11.51932716369629,12.06809329986572,12.72308444976807,12.56860160827637,12.67973709106445,11.53109931945801,10.88426971435547,10.31273937225342,10.34671878814697,10.54735374450684,10.49561309814453,10.57820320129395,10.79526424407959,11.15712356567383,11.85605430603027,12.19419765472412,11.63205909729004,11.82079982757568,11.75713157653809,12.27283763885498,12.18367004394531,11.5635986328125,12.38254642486572,11.92247200012207,11.73709869384766,12.45211601257324,13.16051006317139,14.25166988372803
EPA052,2019-06-08 08:00:00,8.847732543945312,8.397516250610352,7.493361473083496,6.392983436584473,6.15149974822998,5.729173183441162,5.615961074829102,5.998864650726318,6.430036544799805,7.127655982971191,7.495845317840576,7.857381343841553,8.052994728088379,7.976907730102539,7.627529144287109,7.749641895294189,7.560783386230469,7.238475799560547,6.811834812164307,6.639452934265137,6.499846458435059,7.041906356811523,6.985741138458252,6.205169200897217,5.337461948394775,5.708258152008057,6.197448253631592,5.923054695129395,6.292739391326904,5.814253807067871,5.365297317504883,5.631910800933838,4.918808937072754,4.46969747543335,4.99889087677002,5.171904563903809,5.388132095336914,5.407525539398193,6.076391696929932,6.183492660522461,5.467672348022461,5.635615348815918,5.72542667388916,5.880613327026367,6.097062110900879,6.433520793914795,6.996580123901367,6.876774311065674,7.642160892486572,7.763304710388184,7.501651763916016,6.839224815368652,6.238085269927979,5.411908149719238,4.773001670837402,4.04080867767334,3.609009027481079,3.453146457672119,3.864290952682495,4.519383430480957,4.843235015869141,5.172796726226807,5.521236419677734,6.123401165008545,6.328317165374756,6.821284770965576,7.575076103210449,8.0414457321167,7.86648416519165,8.776074409484863,9.404494285583496,9.733355522155762
EPA053,2019-06-08 08:00:00,16.19533920288086,15.4608039855957,14.21160411834717,12.4358081817627,11.41993427276611,10.25184917449951,9.652745246887207,9.240281105041504,8.717287063598633,8.90832805633545,8.850794792175293,9.03399658203125,9.094511032104492,9.416970252990723,9.59165096282959,10.38566493988037,10.84531402587891,11.55138969421387,11.66855430603027,12.18930053710938,12.5201244354248,13.74216651916504,14.79010200500488,14.77718067169189,14.68085098266602,15.64999961853027,16.17440795898438,15.66273880004883,15.51350498199463,14.57407760620117,13.77798175811768,13.45148849487305,12.69304275512695,11.96770286560059,12.55269718170166,12.47659015655518,12.45176315307617,12.43056869506836,12.77191162109375,12.69377040863037,11.49020671844482,11.20696353912354,10.82577419281006,11.03971576690674,10.95448875427246,10.82927322387695,11.23323249816895,10.84770584106445,11.10786056518555,10.4610767364502,9.94999885559082,9.30301570892334,9.060412406921387,8.61996078491211,8.00908088684082,7.240328311920166,6.606077671051025,6.281503677368164,6.203118801116943,6.156569957733154,5.933536529541016,5.881811141967773,6.118531227111816,6.365227699279785,6.635348320007324,7.01882791519165,7.857128143310547,8.29507827758789,8.117670059204102,9.052988052368164,9.642959594726562,9.820079803466797
EPA054,2019-06-08 08:00:00,6.068894863128662,6.0279860496521,5.564908027648926,4.824586868286133,4.49451732635498,4.515103816986084,4.024027347564697,4.225831985473633,3.918318510055542,4.411334991455078,5.146993637084961,5.65506649017334,5.672576427459717,5.731483459472656,5.568818092346191,6.394692420959473,6.432666301727295,6.668845653533936,6.288876056671143,6.12138843536377,6.598563671112061,7.077363967895508,7.392738819122314,7.118001937866211,6.905939102172852,7.355786800384521,7.529927730560303,6.488404273986816,6.502516746520996,5.251808643341064,4.503398895263672,4.854376792907715,5.035483360290527,4.536991596221924,5.503244876861572,5.421851634979248,6.29010534286499,6.814828395843506,7.390675067901611,7.712157249450684,6.636176586151123,6.648556232452393,6.704997539520264,6.749031066894531,6.759269237518311,6.860457420349121,6.990097999572754,6.076611995697021,5.96169900894165,5.195991516113281,4.254939556121826,4.045215606689453,4.468040466308594,4.21455192565918,4.06536865234375,3.808557748794556,3.767647743225098,3.915984630584717,4.826736450195312,5.2151198387146,4.599422454833984,5.047170162200928,5.271611213684082,5.440243721008301,5.565564632415771,5.139566421508789,5.993256568908691,6.020147323608398,5.769321918487549,6.559934616088867,6.561892509460449,6.475575923919678
EPA056,2019-06-08 08:00:00,5.025121688842773,4.920179843902588,4.421363830566406,3.74775767326355,3.587614774703979,3.686857461929321,3.392016410827637,3.647537708282471,3.503185749053955,3.897741556167603,4.273420810699463,4.570910453796387,4.598608016967773,4.618480682373047,4.491456985473633,5.178725719451904,5.277083396911621,5.370948791503906,5.225578308105469,5.123183727264404,5.577913284301758,5.944623947143555,6.214722633361816,5.798798561096191,5.106305122375488,4.907477378845215,4.783436298370361,4.071044445037842,4.21528959274292,3.715335369110107,3.630255699157715,4.211525440216064,4.347786903381348,4.123157024383545,4.663053512573242,4.465260982513428,4.878766059875488,5.025531768798828,5.452311038970947,5.700258731842041,4.909841060638428,4.951374530792236,4.971806049346924,5.143624782562256,5.300423145294189,5.546073913574219,5.841222763061523,5.352936267852783,5.385557651519775,4.810257911682129,4.077274322509766,3.96405291557312,4.440380096435547,4.636047840118408,4.943889617919922,5.018016815185547,5.259889125823975,5.411428451538086,6.118152141571045,6.350974082946777,5.904414176940918,6.09049654006958,6.161016941070557,6.375391960144043,6.364541530609131,6.067696094512939,6.794843673706055,6.76325798034668,6.643940448760986,7.250268936157227,7.452256202697754,7.573648929595947
EPA057,2019-06-08 08:00:00,3.152018547058105,3.770560264587402,3.788818836212158,3.437816619873047,3.421998262405396,3.484364748001099,2.81375789642334,2.899964809417725,2.523662328720093,2.859837055206299,3.22456431388855,3.522421360015869,3.493719577789307,3.342321395874023,3.052333354949951,3.646475791931152,3.736635684967041,3.73577880859375,3.581003189086914,3.383699178695679,3.909686326980591,4.233990669250488,4.536438465118408,4.363569259643555,4.136890888214111,4.229996681213379,4.391205310821533,3.835192441940308,3.87373423576355,3.181597709655762,2.981664180755615,3.483328104019165,3.534869194030762,3.407692670822144,3.983981132507324,3.91316819190979,4.480515003204346,4.71498441696167,5.232953071594238,5.592155456542969,4.885779857635498,5.076046943664551,5.126265048980713,5.314918041229248,5.520594120025635,5.806071281433105,6.221784591674805,5.925235748291016,6.137459278106689,5.683466911315918,4.75924825668335,4.251847267150879,4.293758869171143,4.033152103424072,3.988487720489502,3.866843461990356,4.008650302886963,4.233563423156738,5.086885452270508,5.520119190216064,5.237634658813477,5.5355224609375,5.665613651275635,6.023913383483887,6.039259433746338,5.701749801635742,6.448570251464844,6.376193046569824,6.220032215118408,6.84919261932373,7.140092372894287,7.338744640350342
EPA058,2019-06-08 08:00:00,7.218350887298584,7.131389141082764,6.403038024902344,5.364260196685791,4.97470760345459,4.819925308227539,4.058069229125977,4.121447086334229,3.867211580276489,4.511550426483154,5.155828952789307,5.797078132629395,6.152517795562744,6.435774326324463,6.473767280578613,7.394841194152832,7.648918151855469,7.787211894989014,7.73235559463501,7.642214775085449,8.126694679260254,8.64216136932373,8.906044006347656,8.521001815795898,7.802896022796631,7.409119129180908,7.181939125061035,6.071262359619141,5.949630260467529,4.993821620941162,4.487373352050781,4.887008666992188,4.649605274200439,4.274957180023193,4.862952709197998,4.665918827056885,5.218011379241943,5.416370868682861,5.990768909454346,6.337231636047363,5.481495380401611,5.728193759918213,5.774684906005859,5.987754344940186,6.125393867492676,6.523031234741211,6.960152626037598,6.369570255279541,6.565615653991699,5.856021881103516,4.771283626556396,4.220216751098633,4.416938781738281,4.238196849822998,4.28778600692749,4.182538986206055,4.232007026672363,4.404486656188965,5.5032958984375,6.063530921936035,5.733453750610352,6.275905132293701,6.508171081542969,6.983954906463623,7.168413639068604,6.819596767425537,7.807548522949219,7.728464126586914,7.552079677581787,8.22000503540039,8.564494132995605,8.832414627075195
EPA059,2019-06-08 08:00:00,20.83825492858887,21.63256454467773,22.13326263427734,21.78491973876953,21.24125289916992,20.06818771362305,18.1780948638916,16.74020957946777,16.1093921661377,16.20070266723633,16.1399040222168,16.28879547119141,16.46505165100098,16.04179954528809,15.5962610244751,15.61114025115967,15.26003837585449,14.58156490325928,14.10832118988037,13.98803997039795,13.50273513793945,13.81788921356201,13.80328559875488,14.12243938446045,14.99237632751465,15.43766403198242,15.75424575805664,15.58231735229492,15.38332557678223,14.99110221862793,13.81817245483398,12.64775466918945,11.09500980377197,10.56236553192139,10.20602130889893,10.26759815216064,9.428369522094727,8.741355895996094,8.735613822937012,8.494908332824707,8.087347030639648,8.018084526062012,7.659331798553467,7.61704683303833,7.567929267883301,7.84942102432251,8.72070598602295,9.107303619384766,10.56706809997559,10.95467662811279,11.58205699920654,10.96606159210205,10.36262035369873,9.812923431396484,8.813187599182129,8.184134483337402,7.668154716491699,7.673961639404297,7.848253726959229,8.457229614257812,8.268940925598145,8.469291687011719,8.412358283996582,8.643109321594238,8.538490295410156,8.15542221069336,8.622392654418945,8.148613929748535,7.653090000152588,7.994167327880859,8.47961139678955,9.448923110961914
EPA060,2019-06-08 08:00:00,14.11516571044922,14.30344867706299,14.3656702041626,14.0418119430542,13.86050224304199,13.6188850402832,12.90468406677246,12.56836223602295,12.43155574798584,12.59514617919922,12.64224624633789,12.67603874206543,12.48129940032959,12.04040622711182,11.55142784118652,11.59271335601807,11.30145168304443,10.98619937896729,10.29702854156494,10.12870311737061,9.897167205810547,10.19946575164795,10.44952487945557,10.65521621704102,11.11883735656738,11.81054496765137,12.1491756439209,11.66591358184814,12.13716602325439,11.63901138305664,10.84835815429688,10.58632278442383,10.09988307952881,9.367948532104492,9.526103019714355,9.21477222442627,8.827247619628906,8.414749145507812,8.487457275390625,8.200400352478027,7.210533618927002,6.90946626663208,6.640987873077393,6.525744915008545,6.388489723205566,6.37394905090332,6.691044807434082,6.472819328308105,7.265158653259277,7.108283042907715,7.288065910339355,7.590778827667236,8.231504440307617,8.50508975982666,8.546114921569824,8.521584510803223,8.594882011413574,8.607269287109375,8.952901840209961,9.104568481445312,8.419848442077637,8.63623046875,8.657485961914062,8.603372573852539,8.6522855758667,8.262669563293457,8.98471736907959,8.8779878616333,8.599031448364258,9.100454330444336,9.348301887512207,9.909855842590332
EPA061,2019-06-08 08:00:00,7.288791179656982,6.958830833435059,6.776565551757812,6.20888614654541,5.946722507476807,6.011554718017578,5.933646202087402,6.012594699859619,6.191162586212158,6.42429256439209,6.636545181274414,6.755667686462402,6.82873010635376,6.730556011199951,6.510973453521729,7.00924825668335,6.946132183074951,6.975247859954834,6.697495460510254,6.659171581268311,6.814658164978027,7.264957904815674,7.62978982925415,7.417683601379395,7.145275115966797,7.360125064849854,7.238161087036133,6.769696235656738,6.94415807723999,6.958311557769775,6.892788887023926,7.1220703125,7.351792335510254,7.376908302307129,7.850263595581055,7.927600383758545,8.127745628356934,8.392358779907227,8.679577827453613,9.05151081085205,8.605809211730957,8.557424545288086,8.458622932434082,8.68785572052002,8.83348274230957,9.209369659423828,9.615925788879395,9.5208740234375,9.615097999572754,9.132848739624023,9.027810096740723,8.790377616882324,8.732585906982422,8.729070663452148,8.631566047668457,8.57133674621582,8.735189437866211,8.839576721191406,8.98756217956543,8.842300415039062,8.310884475708008,8.200868606567383,7.986733913421631,7.960504055023193,7.694629669189453,7.417885780334473,7.668877601623535,7.586384773254395,7.492134571075439,8.227731704711914,8.397875785827637,8.42542552947998
EPA062,2019-06-08 08:00:00,3.319665431976318,3.46948504447937,3.943871974945068,3.938086271286011,4.028895854949951,4.186399936676025,4.563217163085938,4.838214874267578,5.286631107330322,5.664825439453125,6.08538818359375,6.357883453369141,6.632627010345459,6.606055736541748,6.424269676208496,6.725864410400391,6.308018207550049,6.175387382507324,6.084279537200928,6.154620170593262,6.102968692779541,6.424753665924072,6.647680759429932,6.613173484802246,6.61298656463623,6.795220851898193,6.342962741851807,5.90407657623291,5.346990585327148,5.272552013397217,4.980446815490723,4.634779453277588,4.593652725219727,4.686683654785156,4.890943050384521,5.201864719390869,4.991692066192627,4.912004947662354,4.76365852355957,4.75297737121582,4.701950550079346,4.340007781982422,4.086499691009521,4.139823436737061,4.288403511047363,4.608789920806885,4.896225929260254,4.800889015197754,4.597815036773682,4.35427188873291,4.738450050354004,4.214646339416504,3.934345722198486,3.933277368545532,3.746862888336182,3.699634313583374,3.832868337631226,4.141098976135254,4.144956588745117,4.350605487823486,4.49317741394043,4.502055168151855,4.361266613006592,4.602367877960205,4.226748943328857,4.334689617156982,4.324151515960693,4.239253044128418,4.356168746948242,5.10943078994751,5.059584617614746,4.972742557525635
EPA063,2019-06-08 08:00:00,8.459675788879395,7.931999206542969,7.285671234130859,6.299618721008301,5.715580940246582,5.238249778747559,5.430074691772461,5.59659481048584,5.926453113555908,6.198737621307373,6.363095283508301,6.264410018920898,6.107692718505859,5.719770431518555,5.201190948486328,5.009464263916016,4.426997661590576,4.220603942871094,3.93369722366333,4.099504470825195,4.098013401031494,4.703547954559326,5.397342205047607,5.659419059753418,5.996503353118896,6.919415473937988,7.063313484191895,7.232234001159668,7.219082355499268,7.307060718536377,7.167172431945801,6.9543137550354,6.852640628814697,6.791631698608398,7.116961002349854,7.361597061157227,6.956439971923828,6.682305812835693,6.355825424194336,6.06407642364502,5.590150356292725,5.05168342590332,4.715614318847656,4.629671573638916,4.739279270172119,4.861595630645752,5.207269668579102,5.443797588348389,5.593369007110596,5.406184673309326,5.622710704803467,4.924885749816895,4.561607360839844,4.347496509552002,4.031633377075195,3.874908685684204,3.939706802368164,4.265506744384766,4.194436073303223,4.435689926147461,4.729818344116211,4.797481536865234,4.756025314331055,5.106050968170166,4.896300792694092,5.341467380523682,5.424779891967773,5.683539390563965,5.876822948455811,6.783308029174805,7.161045551300049,7.407689094543457
EPA064,2019-06-08 08:00:00,7.208822727203369,7.68629789352417,8.439749717712402,8.604066848754883,8.686996459960938,8.460729598999023,8.509822845458984,8.107207298278809,7.981580257415771,7.793941974639893,7.414205074310303,7.014635562896729,6.764407157897949,6.170347690582275,5.735433101654053,5.708212375640869,5.220774173736572,4.896630764007568,4.915963172912598,5.140477657318115,5.073392868041992,5.581454753875732,5.936178684234619,6.18492317199707,6.792129039764404,7.410367488861084,7.607362747192383,8.148529052734375,7.839507579803467,8.508735656738281,8.676844596862793,8.090131759643555,7.606929302215576,7.840198040008545,7.475149631500244,7.734664440155029,6.981820106506348,6.544936656951904,6.187447071075439,6.039042949676514,6.203163146972656,5.895046234130859,5.5845046043396,5.769854068756104,5.954442977905273,6.26785135269165,6.808631896972656,7.360939502716064,7.540966510772705,7.672357559204102,8.349947929382324,7.391949653625488,6.385252475738525,5.955555438995361,5.143092155456543,4.627252578735352,4.253165721893311,4.179295063018799,3.378469228744507,3.141729116439819,3.170965433120728,2.636655807495117,2.240064144134521,2.279143571853638,1.832939982414246,2.032956600189209,1.76303231716156,1.738109946250916,1.805534362792969,2.59782075881958,2.866162061691284,3.063093423843384
EPA065,2019-06-08 08:00:00,9.839798927307129,10.36973190307617,10.96144390106201,10.99677848815918,11.14454936981201,10.32095241546631,9.623732566833496,9.023594856262207,8.847224235534668,9.60237979888916,10.24876689910889,10.70592594146729,11.48529148101807,12.01928901672363,12.48036670684814,13.81979846954346,13.979248046875,14.04811000823975,14.37203693389893,14.26171493530273,14.56585311889648,15.02620506286621,14.72099304199219,13.52479648590088,12.18680477142334,11.56871223449707,11.23155784606934,11.6879243850708,11.11695003509521,11.55516624450684,11.80593109130859,11.54375648498535,10.83266258239746,11.30975914001465,11.39750576019287,12.03541851043701,11.93756771087646,11.57648277282715,11.6650333404541,11.73380756378174,11.689772605896,11.50609874725342,10.99675559997559,11.19730949401855,11.30162334442139,11.65585803985596,12.04139518737793,11.58888053894043,11.2922534942627,11.1764497756958,11.68276500701904,10.74771499633789,9.3999605178833,8.570237159729004,7.16434907913208,5.89718770980835,5.068427085876465,4.939295768737793,4.66466236114502,5.299113750457764,6.008689880371094,5.464216232299805,5.451204299926758,6.330870628356934,5.658508777618408,6.036972045898438,6.066646575927734,5.837306022644043,5.244692325592041,5.902412891387939,6.067915439605713,6.279189109802246
EPA066,2019-06-08 08:00:00,10.05190467834473,10.14038467407227,10.84644222259521,10.85011100769043,10.61620044708252,10.33028030395508,10.33418941497803,9.7980375289917,9.407427787780762,9.371243476867676,9.30819034576416,8.712730407714844,8.365888595581055,8.025866508483887,7.871288776397705,8.609787940979004,8.176522254943848,8.482320785522461,8.735854148864746,9.0570650100708,9.750049591064453,10.55632495880127,11.41984558105469,11.2183141708374,11.10404300689697,11.55183696746826,10.8767032623291,11.42327117919922,10.64620685577393,11.26412105560303,11.36866855621338,10.73307418823242,10.69978809356689,11.305495262146,11.36233139038086,11.9098653793335,11.47245311737061,11.385666847229,10.91981410980225,10.91002655029297,11.02505302429199,10.2953462600708,9.768621444702148,9.973808288574219,10.25038242340088,10.81663227081299,11.43149566650391,11.51788330078125,10.9338436126709,10.63831233978271,11.69986820220947,10.9741849899292,10.21227550506592,10.09665393829346,9.166300773620605,8.742376327514648,8.737809181213379,9.542142868041992,9.05386734008789,9.30377197265625,9.634428024291992,9.27088737487793,8.929945945739746,9.3618745803833,8.373894691467285,8.88343334197998,8.396608352661133,8.056859970092773,8.142794609069824,9.22222900390625,9.203371047973633,9.283860206604004
EPA067,2019-06-08 08:00:00,7.183648109436035,8.414436340332031,10.14035511016846,11.42702007293701,12.16957473754883,12.81690502166748,12.90652942657471,12.80075645446777,12.68483924865723,12.87293815612793,12.74707317352295,12.07536697387695,10.9268274307251,9.693503379821777,8.631431579589844,8.3504638671875,7.412588119506836,6.805792331695557,6.097096920013428,5.64805793762207,5.925320625305176,6.048335075378418,6.513524055480957,7.17990255355835,8.278478622436523,9.517206192016602,9.969259262084961,10.82297515869141,10.99859237670898,11.52335739135742,11.72283840179443,11.45506763458252,11.35710525512695,11.50921726226807,11.21423435211182,11.00343990325928,10.31261920928955,9.620036125183105,8.991308212280273,8.450082778930664,8.336483001708984,7.788386821746826,7.558730602264404,7.678702354431152,7.781639099121094,8.060955047607422,9.116316795349121,10.19723987579346,11.29841041564941,12.01435565948486,13.23508358001709,13.40422439575195,13.21201705932617,13.09374523162842,11.93158531188965,11.13753223419189,10.79714202880859,11.09023284912109,10.19575881958008,9.875218391418457,8.95119571685791,7.684796810150146,6.834019184112549,6.17878532409668,5.143950939178467,4.564704418182373,4.185035228729248,3.669719219207764,3.134408235549927,3.799511432647705,3.89645791053772,4.799070358276367
EPA068,2019-06-08 08:00:00,17.86606979370117,18.10181999206543,18.18561935424805,17.62830543518066,16.84431648254395,15.98683929443359,14.76163864135742,13.72581100463867,12.92145919799805,12.58593845367432,12.16343593597412,11.71266174316406,11.03083610534668,10.20012950897217,9.436452865600586,9.282889366149902,8.82902717590332,8.520040512084961,7.933455467224121,7.932779312133789,7.931809425354004,8.385478019714355,9.006011962890625,9.497392654418945,10.57001399993896,11.84348011016846,12.48169136047363,12.63287925720215,12.76026821136475,12.4588794708252,11.70257091522217,11.02970409393311,10.36087608337402,9.943655967712402,10.01841449737549,9.997720718383789,9.500280380249023,9.266406059265137,9.2316255569458,9.065486907958984,8.443856239318848,8.112701416015625,7.896325588226318,7.918331146240234,7.975700855255127,8.075010299682617,8.927644729614258,9.468342781066895,10.66054153442383,10.98495960235596,11.59409999847412,11.54514217376709,11.50809097290039,11.34324169158936,10.60789108276367,10.1673412322998,9.938183784484863,10.13906097412109,9.944658279418945,9.993298530578613,9.295103073120117,9.034052848815918,8.744180679321289,8.417792320251465,8.080388069152832,7.704583644866943,7.901350021362305,7.599843502044678,7.237267017364502,7.748380184173584,8.0722017288208,8.716148376464844
EPA069,2019-06-08 08:00:00,9.604372024536133,8.535245895385742,7.472795486450195,6.360780715942383,5.603107929229736,5.06224250793457,5.30696439743042,5.5113525390625,5.650711536407471,5.850616455078125,6.022704601287842,5.915632724761963,5.645461082458496,5.446841239929199,5.105193614959717,5.225327968597412,4.736626148223877,4.665162563323975,4.341546535491943,4.419744968414307,4.554457664489746,4.923317909240723,5.288802623748779,4.805081844329834,4.217653274536133,4.673205852508545,4.632156372070312,4.678019523620605,4.751120567321777,4.786420345306396,4.775954246520996,4.870320320129395,4.923852443695068,4.770277976989746,5.243165016174316,5.416331768035889,5.209952831268311,5.089576244354248,4.977291584014893,4.71894359588623,4.137471675872803,3.529664278030396,3.37204647064209,3.303976058959961,3.479810237884521,3.486992359161377,3.792092084884644,3.675452709197998,3.782533645629883,3.84221076965332,4.384172439575195,4.691592693328857,5.155635833740234,5.572728157043457,5.632075786590576,5.566441059112549,5.711600780487061,6.00413990020752,5.865151405334473,6.049772262573242,6.010448455810547,5.732145309448242,5.623908042907715,5.633428573608398,5.199890613555908,5.486292362213135,5.543055534362793,5.659606456756592,5.60298490524292,6.216361045837402,6.260663986206055,6.300230026245117
EPA070,2019-06-08 08:00:00,9.386330604553223,9.929953575134277,10.84201812744141,11.2285852432251,11.43055438995361,11.77814197540283,11.31003570556641,11.0737247467041,11.03499507904053,11.29438972473145,11.63013172149658,11.64002418518066,11.43276882171631,10.91469192504883,10.47481918334961,10.87110137939453,10.55592823028564,10.21410083770752,9.570008277893066,9.144457817077637,9.218069076538086,9.410897254943848,9.57609748840332,9.789710998535156,10.19010162353516,10.47268295288086,10.41549301147461,10.11891651153564,10.34476757049561,10.53881454467773,10.47432327270508,10.45834922790527,10.58465194702148,10.60826206207275,10.68157291412354,10.53706836700439,10.47319507598877,10.36974143981934,10.325852394104,10.41793346405029,10.12029075622559,10.07325458526611,9.920254707336426,10.09940528869629,10.0673246383667,10.50465774536133,11.01627635955811,11.07291698455811,11.38500499725342,11.11037635803223,11.33631134033203,11.20425796508789,10.98433399200439,10.75186443328857,10.09966945648193,9.701738357543945,9.52491569519043,9.471535682678223,9.325950622558594,9.056039810180664,8.00250244140625,7.601551532745361,7.170873165130615,6.876008987426758,6.481796264648438,5.679348468780518,5.857342720031738,5.491911888122559,5.140925407409668,5.880910873413086,6.020426273345947,6.47744607925415
EPA071,2019-06-08 08:00:00,7.295985698699951,7.535382270812988,7.464423179626465,6.881699085235596,6.639879703521729,6.733997821807861,6.109758853912354,6.112403869628906,5.858513832092285,6.285424709320068,6.726499557495117,6.915441989898682,6.820280075073242,6.612259387969971,6.332555294036865,6.982437610626221,6.999430656433105,7.083066940307617,6.841271877288818,6.684360027313232,7.269913196563721,7.865542888641357,8.53497314453125,8.685895919799805,8.68722152709961,8.896427154541016,8.757707595825195,8.07808780670166,8.056465148925781,7.525832653045654,7.226893424987793,7.50705623626709,7.568138599395752,7.456665992736816,7.936646461486816,7.779882907867432,8.160236358642578,8.34091567993164,8.61236572265625,8.89589786529541,8.245601654052734,8.350422859191895,8.29569149017334,8.559615135192871,8.698294639587402,9.239860534667969,9.830055236816406,9.673003196716309,9.850425720214844,9.183732986450195,8.448101043701172,7.760284900665283,7.58561897277832,7.200900077819824,6.866442680358887,6.674282073974609,6.750921249389648,7.083272933959961,7.788805961608887,8.08667278289795,7.593286514282227,7.927067756652832,7.946069240570068,8.279870986938477,8.253049850463867,7.901718616485596,8.58173942565918,8.47808837890625,8.420811653137207,9.373858451843262,9.807822227478027,10.2333459854126
EPA072,2019-06-08 08:00:00,10.15497016906738,9.993253707885742,10.03976440429688,9.82908821105957,9.66772174835205,9.325188636779785,9.17643928527832,8.860016822814941,8.85940933227539,8.721949577331543,8.399103164672852,7.895326614379883,7.607979297637939,7.057322978973389,6.657344341278076,6.710010051727295,6.340862274169922,5.995975971221924,5.747977733612061,5.714155673980713,5.731316089630127,5.960756301879883,6.212013244628906,5.961294651031494,5.68785572052002,5.787383556365967,5.747950553894043,6.444080352783203,6.936704635620117,8.076217651367188,8.7905912399292,8.922257423400879,8.979350090026855,9.2614164352417,9.100854873657227,9.182104110717773,8.468710899353027,7.914934635162354,7.59306526184082,7.391324520111084,7.145946979522705,6.688286304473877,6.299374103546143,6.343684673309326,6.48469877243042,6.666110992431641,6.973174095153809,7.233663558959961,7.370821952819824,7.366923332214355,8.094484329223633,8.16887092590332,8.168850898742676,8.60769271850586,8.668766021728516,8.732649803161621,8.992280006408691,9.078535079956055,8.624307632446289,8.438575744628906,8.295494079589844,7.773866653442383,7.433536052703857,7.508736610412598,6.956128597259521,7.025370121002197,6.93366003036499,6.829436779022217,6.780150890350342,7.283100128173828,7.564119338989258,7.936942577362061
EPA075,2019-06-08 08:00:00,24.59507179260254,25.05789756774902,25.17131805419922,24.46274757385254,24.06729888916016,23.57753944396973,22.11734390258789,20.96418762207031,19.97150421142578,20.00774002075195,19.44976806640625,19.14717674255371,18.69091987609863,18.21579170227051,17.95405960083008,18.32892990112305,18.35897064208984,18.32341384887695,18.3441047668457,18.65400314331055,18.90559768676758,19.77346801757812,20.74055671691895,21.27029800415039,21.46463584899902,20.99231719970703,20.20993041992188,19.25915908813477,18.5678653717041,18.0015983581543,16.94255065917969,15.89615917205811,14.24690437316895,13.54746532440186,12.78589916229248,12.00360870361328,10.82456016540527,9.910486221313477,9.83189868927002,9.47724437713623,8.897095680236816,8.808796882629395,8.468535423278809,8.872332572937012,8.906159400939941,9.559669494628906,11.01119041442871,11.54923343658447,12.75772857666016,12.4853401184082,12.5743522644043,11.95342254638672,11.963698387146,12.24867534637451,11.85247993469238,11.69911861419678,11.45176887512207,11.76364707946777,11.87758255004883,12.13912105560303,11.35766124725342,11.45901775360107,11.3255033493042,11.40913009643555,11.45763874053955,11.1420841217041,12.03643417358398,11.47014427185059,11.36250305175781,12.03676986694336,12.92686557769775,14.32633399963379
EPA077,2019-06-08 08:00:00,15.71748828887939,15.40927791595459,15.46936225891113,14.96055221557617,14.63754844665527,14.49569320678711,14.28698921203613,13.93123531341553,14.00980472564697,13.68526840209961,13.0798282623291,12.49733638763428,11.98712539672852,11.15041923522949,10.48311424255371,10.18833446502686,9.814103126525879,9.488622665405273,8.87704849243164,8.939605712890625,8.61674976348877,9.17696762084961,9.778984069824219,10.02820777893066,10.45525646209717,11.16476345062256,11.26418876647949,11.13099765777588,11.61315441131592,12.06972312927246,11.80629253387451,11.47483062744141,11.14044284820557,10.89119815826416,10.77129077911377,10.65345764160156,9.988968849182129,9.80493450164795,9.882895469665527,9.911941528320312,9.54415512084961,9.38137435913086,9.188376426696777,9.430534362792969,9.522727966308594,9.961061477661133,10.65421867370605,11.14608764648438,11.82394218444824,11.72847366333008,12.31868267059326,12.14167976379395,11.88476943969727,11.916428565979,11.66586208343506,11.64461708068848,11.70868110656738,11.66221237182617,11.20407485961914,10.79172229766846,10.08836650848389,9.969595909118652,9.713715553283691,9.479888916015625,9.39465045928955,9.367159843444824,9.60427474975586,9.661558151245117,9.784278869628906,10.68001842498779,11.24981021881104,11.72824096679688
EPA078,2019-06-08 08:00:00,5.182221412658691,5.283722400665283,4.936860084533691,4.338920116424561,4.174107074737549,4.058079719543457,3.657538890838623,3.740134239196777,3.534852981567383,3.711581230163574,3.874967098236084,4.099451065063477,4.113385200500488,3.969756126403809,3.717651605606079,4.122336864471436,4.137732982635498,4.03630542755127,3.852966070175171,3.779343128204346,3.973041296005249,4.272180557250977,4.386740684509277,4.025269508361816,3.621845245361328,3.617888450622559,3.795954704284668,3.298253536224365,3.435089349746704,3.034341096878052,2.925869464874268,3.318342924118042,3.247662782669067,3.038728713989258,3.461182117462158,3.412432670593262,3.712100028991699,3.84851598739624,4.327675819396973,4.59872579574585,3.969332218170166,4.095011711120605,4.146836757659912,4.30330228805542,4.478141307830811,4.653778553009033,4.946452140808105,4.64305591583252,4.807485103607178,4.45976448059082,3.817403316497803,3.460721254348755,3.53392219543457,3.441828727722168,3.529355049133301,3.450413703918457,3.495105266571045,3.438114166259766,3.898872137069702,4.078782558441162,3.769668102264404,3.898751258850098,3.979819774627686,4.159044742584229,4.231338024139404,4.028599739074707,4.654600143432617,4.723240852355957,4.629419803619385,5.192718029022217,5.460254192352295,5.514279365539551
EPA080,2019-06-08 08:00:00,4.863388538360596,4.696938991546631,4.502019882202148,4.277647972106934,4.394062042236328,4.600075244903564,4.749512195587158,5.138020515441895,5.088152885437012,5.555074214935303,6.073520183563232,6.150801658630371,5.996855735778809,5.914038181304932,5.822303771972656,6.588046073913574,6.401206493377686,6.45125675201416,6.257537841796875,6.055853843688965,6.579970359802246,6.84998083114624,6.924338340759277,6.114004135131836,5.012899398803711,4.700955390930176,4.338920116424561,4.097809791564941,4.178637027740479,4.142354488372803,4.408537864685059,4.957152366638184,5.253876686096191,5.23339319229126,5.664730072021484,5.608234405517578,5.843103885650635,5.781655788421631,5.884120464324951,5.834120273590088,5.196141719818115,4.889558792114258,4.787876129150391,4.841299533843994,4.959916114807129,5.14981746673584,5.232111930847168,4.468740940093994,3.954971790313721,3.495299816131592,3.378744125366211,3.524415016174316,3.989014625549316,4.286548614501953,4.360946655273438,4.2342529296875,4.337731838226318,4.539301872253418,4.82683277130127,5.136040687561035,4.910465240478516,4.820507049560547,4.861085891723633,5.157773494720459,4.844357967376709,4.844951629638672,5.269227981567383,5.25985050201416,5.118432521820068,5.855171680450439,5.826157569885254,5.862277507781982
